,b_a,b_f,cid,depth0,dm_a,dm_f,dm_a_all,dm_f_all,lat0,lon0,m0,na,nf,na_all,nf_all,ot0,rate_a,rate_f,c_type,c_type60,nf_all_apr,na_all_apr,nf_apr,na_apr
0,-999.000,-999.000,198,4.0,-999.0,-999.0,-999.0,-999.0, 9.525,-83.647,2.9,3,0,3,0,2015-07-07T12:38:00.999998,-999.000,-999.000,4,4, 0, 3,0,3
1,-999.000,-999.000,344,32.0,1.8,-999.0,1.8,-999.0, 8.257,-82.757,4.5,4,0,4,0,2017-03-18T05:00:09.000003,-999.000,-999.000,1,1, 0, 2,0,2
2,-999.000,-999.000,819,16.0,0.8,-999.0,0.8,-999.0, 9.631,-84.540,3.2,1,0,1,0,2020-05-30T18:22:29.999999,-999.000,-999.000,-1,-1, 0, 1,0,1
3,-999.000,-999.000,346,23.0,-999.0,1.0,-999.0,1.0, 8.691,-83.287,3.5,0,1,0,1,2017-03-26T20:06:28.999998,-999.000,-999.000,-1,-1, 1, 0,1,0
4,-999.000,-999.000,347,17.0,-999.0,0.2,-999.0,0.2, 9.864,-85.212,3.2,0,1,0,1,2017-03-26T21:46:41.999999,-999.000,-999.000,-1,-1, 1, 0,1,0
5,-999.000,-999.000,340,17.0,-999.0,0.3,-999.0,0.3, 8.392,-82.894,2.8,0,1,0,1,2017-03-13T21:29:04.000002,-999.000,-999.000,-1,-1, 1, 0,1,0
6,-999.000,-999.000,341,26.0,0.2,-999.0,0.2,-999.0, 8.300,-82.757,3.3,1,0,1,0,2017-03-10T19:52:38.999998,-999.000,-999.000,-1,-1, 0, 1,0,1
7,-999.000,-999.000,342,9.0,-999.0,0.1,-999.0,0.1, 9.503,-83.018,3.2,0,1,0,1,2017-03-15T12:22:37.000001,-999.000,-999.000,-1,-1, 1, 0,1,0
8,-999.000,-999.000,343,22.0,0.4,-999.0,0.4,-999.0, 9.668,-84.873,3.5,2,0,2,0,2017-03-16T13:57:03.999997,-999.000,-999.000,-1,-1, 0, 2,0,2
9,-999.000,-999.000,810,52.0,1.5,-999.0,1.5,-999.0, 9.439,-84.074,4.3,1,0,1,0,2020-04-17T09:34:32.999997,-999.000,-999.000,-1,-1, 0, 1,0,1
10,-999.000,-999.000,811,9.0,0.3,-999.0,0.3,-999.0, 8.988,-84.204,3.1,3,0,3,0,2020-04-18T08:45:03.000002,-999.000,-999.000,5,5, 0, 3,0,3
11,-999.000,-999.000,812,18.0,1.7,-999.0,1.7,-999.0, 9.869,-85.507,4.4,5,0,5,0,2020-04-26T06:14:12.000000,-999.000,-999.000,1,1, 0, 3,0,3
12,-999.000,-999.000,813,5.0,-999.0,0.1,-999.0,0.1, 9.892,-83.926,3.0,0,1,0,1,2020-04-28T07:06:22.999999,-999.000,-999.000,-1,-1, 1, 0,1,0
13,-999.000,-999.000,348,9.0,0.8,-999.0,0.8,-999.0, 9.508,-83.559,3.3,1,0,2,0,2017-04-06T00:13:51.999999,-999.000,-999.000,-1,-1, 0, 2,0,1
14,-999.000,-999.000,349,8.0,0.9,1.8,0.9,1.8, 9.001,-84.096,4.5,8,1,10,1,2017-04-08T18:16:33.999998,-999.000,-999.000,1,1, 1, 10,1,8
15,-999.000,-999.000,816,22.0,-999.0,-999.0,-999.0,-999.0, 9.366,-84.615,2.9,1,0,1,0,2020-05-09T16:53:24.000002,-999.000,-999.000,-1,-1, 0, 1,0,1
16,-999.000,-999.000,817,4.0,-999.0,-999.0,-999.0,-999.0, 9.716,-83.947,2.4,0,0,0,0,2020-05-14T03:03:08.000001,-999.000,-999.000,-1,-1, 0, 0,0,0
17,-999.000,-999.000,737,22.0,0.3,-999.0,0.3,-999.0, 8.845,-83.154,3.2,1,0,1,0,2019-12-18T21:13:06.000002,-999.000,-999.000,-1,-1, 0, 1,0,1
18,-999.000,-999.000,739,19.0,0.8,-999.0,0.8,-999.0, 9.516,-84.835,3.2,1,0,1,0,2019-12-20T02:24:41.999997,-999.000,-999.000,-1,-1, 0, 1,0,1
19,-999.000,-999.000,719,40.0,-999.0,-999.0,0.3,-999.0, 8.501,-83.046,2.8,0,0,1,0,2014-02-28T05:10:05.000001,-999.000,-999.000,-1,-1, 0, 1,0,0
20,-999.000,-999.000,718,6.0,0.2,-999.0,0.2,-999.0, 9.739,-83.962,2.7,1,0,1,0,2019-11-20T00:38:42.000002,-999.000,-999.000,-1,-1, 0, 1,0,1
21,-999.000,-999.000,717,10.0,0.6,-999.0,0.6,-999.0, 8.920,-84.071,3.0,2,0,2,0,2019-11-21T04:07:03.999999,-999.000,-999.000,-1,-1, 0, 2,0,2
22,-999.000,-999.000,716,14.0,0.8,0.6,0.8,0.6, 8.479,-83.118,3.5,2,1,2,1,2019-11-17T00:47:21.000001,-999.000,-999.000,1,1, 1, 2,1,2
23,-999.000,-999.000,715,19.0,-999.0,-999.0,-999.0,-999.0, 9.508,-84.862,3.2,1,0,1,0,2019-11-16T16:06:04.000000,-999.000,-999.000,-1,-1, 0, 1,0,1
24,-999.000,-999.000,714,30.0,-999.0,-999.0,-999.0,-999.0, 9.426,-84.201,3.6,2,0,2,0,2019-11-15T02:55:56.000003,-999.000,-999.000,-1,-1, 0, 2,0,2
25,-999.000,-999.000,713,14.0,0.1,-999.0,0.1,-999.0, 9.400,-84.622,2.5,1,0,1,0,2019-11-13T23:39:40.000002,-999.000,-999.000,-1,-1, 0, 1,0,1
26,-999.000,-999.000,712,29.0,1.5,-999.0,1.2,-999.0, 8.858,-84.144,4.0,2,0,5,0,2019-11-10T22:03:48.999999,-999.000,-999.000,1,-1, 0, 5,0,2
27,-999.000,-999.000,711,14.0,0.6,-999.0,0.6,-999.0, 8.995,-83.973,3.4,4,0,4,0,2019-11-09T06:28:59.999997,-999.000,-999.000,1,1, 0, 4,0,4
28,-999.000,-999.000,710,36.0,0.8,-999.0,0.8,-999.0, 9.180,-84.063,3.2,1,0,1,0,2019-11-05T03:20:38.999996,-999.000,-999.000,-1,-1, 0, 1,0,1
29,-999.000,-999.000,421,14.0,-999.0,0.2,-999.0,0.2, 9.256,-84.472,2.8,0,1,0,1,2017-12-01T17:21:32.000003,-999.000,-999.000,-1,-1, 1, 0,1,0
30,-999.000,-999.000,129,60.0,1.5,-999.0,1.5,-999.0, 9.412,-83.966,4.2,1,0,1,0,2014-11-21T04:56:27.999999,-999.000,-999.000,-1,-1, 0, 1,0,1
31,-999.000,-999.000,420,10.0,0.2,0.1,0.2,0.1, 9.377,-84.480,2.8,1,2,1,2,2017-11-30T12:57:57.999997,-999.000,-999.000,4,4, 2, 1,2,1
32,-999.000,-999.000,423,8.0,-999.0,-999.0,-999.0,-999.0, 9.277,-84.777,3.8,8,0,8,0,2017-12-03T02:01:30.000003,-999.000,-999.000,2,2, 0, 8,0,8
33,-999.000,-999.000,1069,15.0,-999.0,0.2,-999.0,0.2, 9.467,-84.810,2.8,0,1,0,1,2021-07-28T19:47:32.000001,-999.000,-999.000,-1,-1, 1, 0,1,0
34,-999.000,-999.000,1068,22.0,0.4,-999.0,0.4,-999.0, 9.551,-84.677,2.8,1,0,1,0,2021-07-27T23:49:01.999997,-999.000,-999.000,-1,-1, 0, 1,0,1
35,-999.000,-999.000,422,15.0,1.4,-999.0,1.4,-999.0, 9.327,-84.453,3.9,2,0,2,0,2017-12-02T01:54:18.000001,-999.000,-999.000,-1,-1, 0, 2,0,2
36,-999.000,-999.000,1061,28.0,0.3,-999.0,0.3,-999.0, 9.707,-82.819,2.8,1,0,1,0,2021-07-19T10:23:18.000002,-999.000,-999.000,-1,-1, 0, 1,0,1
37,-999.000,-999.000,1060,4.0,0.2,-999.0,0.2,-999.0, 9.534,-83.576,2.6,1,0,1,0,2021-07-18T17:16:29.999997,-999.000,-999.000,-1,-1, 0, 1,0,1
38,-999.000,-999.000,1063,8.0,1.8,-999.0,1.8,-999.0, 9.854,-84.053,4.5,2,0,2,0,2021-07-20T23:57:13.000001,-999.000,-999.000,-1,-1, 0, 2,0,2
39,-999.000,-999.000,1062,43.0,0.3,-999.0,0.3,-999.0, 9.460,-84.114,3.3,2,0,2,0,2021-07-19T17:24:28.000003,-999.000,-999.000,-1,-1, 0, 2,0,2
40,-999.000,-999.000,1065,28.0,0.7,-999.0,0.7,-999.0, 8.283,-82.832,3.7,1,0,1,0,2021-06-27T21:41:10.000000,-999.000,-999.000,-1,-1, 0, 1,0,1
41,-999.000,-999.000,1064,32.0,-999.0,0.1,-999.0,0.1, 9.537,-84.128,3.5,0,1,0,1,2021-07-21T10:56:08.000001,-999.000,-999.000,-1,-1, 1, 0,1,0
42,-999.000,-999.000,1067,17.0,1.0,-999.0,1.0,-999.0, 9.564,-84.819,4.2,3,0,3,0,2021-07-27T06:37:20.999999,-999.000,-999.000,1,1, 0, 3,0,3
43,-999.000,-999.000,1066,39.0,1.0,-999.0,1.0,-999.0, 8.378,-82.810,4.8,12,0,12,0,2021-07-23T20:03:09.999998,-999.000,-999.000,1,1, 0, 11,0,11
44,-999.000,-999.000,427,17.0,0.1,-999.0,0.1,-999.0, 9.423,-84.601,3.4,1,0,1,0,2017-12-16T10:18:47.000000,-999.000,-999.000,-1,-1, 0, 1,0,1
45,-999.000,-999.000,298,40.0,0.7,-999.0,0.7,-999.0, 8.609,-83.210,3.4,1,0,1,0,2016-08-20T02:11:50.999998,-999.000,-999.000,-1,-1, 0, 1,0,1
46,-999.000,-999.000,299,43.0,2.3,-999.0,2.3,-999.0, 9.022,-83.667,4.9,1,0,1,0,2016-08-25T13:34:00.999999,-999.000,-999.000,-1,-1, 0, 0,0,0
47,-999.000,-999.000,296,26.0,0.7,-999.0,0.7,-999.0, 9.552,-84.808,3.3,2,0,2,0,2016-08-16T11:26:17.000001,-999.000,-999.000,-1,-1, 0, 2,0,2
48,-999.000,-999.000,297,26.0,-999.0,0.8,-999.0,0.8, 8.160,-82.791,4.0,0,1,0,1,2016-08-17T04:24:57.000003,-999.000,-999.000,-1,-1, 1, 0,1,0
49,-999.000,-999.000,294,23.0,0.6,-999.0,0.6,-999.0, 8.240,-82.925,3.5,1,0,1,0,2016-08-11T09:32:37.000003,-999.000,-999.000,-1,-1, 0, 1,0,1
50,-999.000,-999.000,295,26.0,-999.0,-999.0,-999.0,-999.0, 9.519,-84.303,2.5,1,0,1,0,2016-08-14T16:07:01.000000,-999.000,-999.000,-1,-1, 0, 1,0,1
51,-999.000,-999.000,292,48.0,0.3,-999.0,0.3,-999.0, 9.316,-83.951,3.5,1,0,1,0,2016-07-30T19:28:40.999997,-999.000,-999.000,-1,-1, 0, 1,0,1
52,-999.000,-999.000,293,16.0,1.6,-999.0,1.6,-999.0, 8.243,-83.034,4.3,1,0,1,0,2016-08-09T06:24:52.999999,-999.000,-999.000,-1,-1, 0, 1,0,1
53,-999.000,-999.000,290,10.0,0.8,-999.0,0.8,-999.0, 9.435,-83.891,4.0,3,0,3,0,2016-07-25T00:32:53.000001,-999.000,-999.000,1,1, 0, 3,0,3
54,-999.000,-999.000,291,29.0,-999.0,0.2,-999.0,0.2, 8.357,-82.769,2.6,0,1,0,1,2016-07-25T06:29:49.999997,-999.000,-999.000,-1,-1, 1, 0,1,0
55,-999.000,-999.000,591,33.0,1.1,-999.0,1.1,-999.0, 8.798,-83.116,3.7,1,0,1,0,2018-12-31T17:20:21.000001,-999.000,-999.000,-1,-1, 0, 1,0,1
56,-999.000,-999.000,590,34.0,2.0,-999.0,2.0,-999.0, 9.555,-84.157,4.4,1,0,1,0,2018-12-18T22:26:14.000000,-999.000,-999.000,-1,-1, 0, 0,0,0
57,-999.000,-999.000,1085,21.0,0.1,-999.0,0.1,-999.0, 9.177,-83.888,2.5,1,0,1,0,2021-08-29T09:42:30.999998,-999.000,-999.000,-1,-1, 0, 1,0,1
58,-999.000,-999.000,592,17.0,-999.0,0.2,-999.0,0.2, 8.642,-83.037,2.7,0,2,0,2,2019-01-18T09:12:44.000000,-999.000,-999.000,-1,-1, 2, 0,2,0
59,-999.000,-999.000,595,4.0,0.6,-999.0,0.6,-999.0, 9.592,-83.522,3.2,2,0,2,0,2019-01-29T11:42:44.000000,-999.000,-999.000,-1,-1, 0, 2,0,2
60,-999.000,-999.000,1082,13.0,0.4,-999.0,0.4,-999.0, 8.682,-83.357,3.0,1,0,1,0,2021-08-23T02:40:44.999997,-999.000,-999.000,-1,-1, 0, 1,0,1
61,-999.000,-999.000,597,31.0,1.1,-999.0,1.1,-999.0, 8.837,-82.986,4.0,1,0,1,0,2019-02-04T01:45:07.999999,-999.000,-999.000,-1,-1, 0, 1,0,1
62,-999.000,-999.000,596,12.0,2.2,-999.0,2.2,-999.0, 8.900,-83.880,5.5,2,0,2,0,2019-01-31T13:09:48.000002,-999.000,-999.000,-1,-1, 0, 0,0,0
63,-999.000,-999.000,195,36.0,0.6,-999.0,0.6,-999.0, 9.549,-84.153,4.0,1,0,1,0,2015-06-25T06:43:22.999999,-999.000,-999.000,-1,-1, 0, 1,0,1
64,-999.000,-999.000,194,22.0,0.9,0.6,0.9,0.6, 9.619,-84.795,4.0,2,1,3,1,2015-06-25T05:33:40.000003,-999.000,-999.000,1,1, 1, 3,1,2
65,-999.000,-999.000,197,13.0,0.7,-999.0,0.7,-999.0, 9.973,-85.635,4.2,1,0,1,0,2015-06-30T20:02:06.999997,-999.000,-999.000,-1,-1, 0, 1,0,1
66,-999.000,-999.000,196,3.0,0.5,-999.0,0.5,-999.0, 9.356,-82.808,3.0,1,0,1,0,2015-07-01T07:35:59.999999,-999.000,-999.000,-1,-1, 0, 1,0,1
67,-999.000,-999.000,191,30.0,0.9,1.3,0.9,1.3, 9.487,-84.642,3.8,1,1,1,1,2015-06-18T10:56:38.999997,-999.000,-999.000,-1,-1, 1, 1,1,1
68,-999.000,-999.000,190,20.0,1.4,-999.0,1.4,-999.0, 8.299,-82.964,3.9,1,0,1,0,2015-06-17T23:32:05.999999,-999.000,-999.000,-1,-1, 0, 1,0,1
69,-999.000,-999.000,193,22.0,-999.0,0.2,-999.0,0.2, 8.411,-82.881,2.6,0,1,0,1,2015-06-21T03:29:00.000003,-999.000,-999.000,-1,-1, 1, 0,1,0
70,-999.000,-999.000,192,19.0,1.3,-999.0,1.3,-999.0, 8.744,-83.342,3.8,1,0,1,0,2015-06-19T05:35:45.000000,-999.000,-999.000,-1,-1, 0, 1,0,1
71,-999.000,-999.000,270,12.0,-999.0,0.2,-999.0,0.2, 9.466,-84.441,2.9,0,1,0,1,2016-04-22T13:50:28.000002,-999.000,-999.000,-1,-1, 1, 0,1,0
72,-999.000,-999.000,271,18.0,0.3,-999.0,0.3,-999.0, 8.069,-82.854,4.5,2,0,2,0,2016-05-04T07:04:35.999997,-999.000,-999.000,-1,-1, 0, 2,0,2
73,-999.000,-999.000,272,17.0,-999.0,0.1,-999.0,0.1, 9.727,-84.621,2.9,0,1,0,1,2016-05-07T17:11:23.000001,-999.000,-999.000,-1,-1, 1, 0,1,0
74,-999.000,-999.000,273,34.0,0.7,-999.0,0.7,-999.0, 8.251,-82.800,4.4,2,0,3,0,2016-05-16T21:54:45.999998,-999.000,-999.000,1,-1, 0, 3,0,2
75,-999.000,-999.000,274,8.0,0.7,-999.0,0.7,-999.0, 8.932,-84.106,3.1,1,0,1,0,2016-05-22T23:51:23.999997,-999.000,-999.000,-1,-1, 0, 1,0,1
76,-999.000,-999.000,275,50.0,0.7,-999.0,0.7,-999.0, 9.482,-84.037,3.1,1,0,1,0,2016-05-25T02:58:22.999998,-999.000,-999.000,-1,-1, 0, 1,0,1
77,-999.000,-999.000,276,25.0,0.2,-999.0,0.2,-999.0, 8.269,-82.723,3.4,1,0,1,0,2016-05-28T04:04:10.000000,-999.000,-999.000,-1,-1, 0, 1,0,1
78,-999.000,-999.000,277,27.0,-999.0,0.7,-999.0,0.7, 8.235,-82.782,3.6,0,1,0,1,2016-05-28T11:41:27.999997,-999.000,-999.000,-1,-1, 1, 0,1,0
79,-999.000,-999.000,278,10.0,1.5,-999.0,1.5,-999.0, 9.001,-83.079,4.3,3,0,3,0,2016-06-04T22:19:53.000002,-999.000,-999.000,1,1, 0, 3,0,3
80,-999.000,-999.000,279,4.0,0.5,0.1,0.5,0.1, 9.538,-83.913,3.0,1,2,1,2,2016-06-11T17:18:51.999999,-999.000,-999.000,4,4, 2, 1,2,1
81,-999.000,-999.000,569,3.0,-999.0,-999.0,-999.0,-999.0, 9.772,-83.955,2.5,1,0,1,0,2018-10-11T09:28:36.000000,-999.000,-999.000,-1,-1, 0, 1,0,1
82,-999.000,-999.000,497,4.0,-999.0,0.3,-999.0,0.3, 9.700,-83.330,3.7,0,1,0,1,2018-05-29T07:44:17.000000,-999.000,-999.000,-1,-1, 1, 0,1,0
83,-999.000,-999.000,524,13.0,1.4,0.8,1.4,0.8, 9.799,-84.096,4.5,6,1,6,1,2018-07-27T17:50:44.000003,-999.000,-999.000,1,1, 1, 6,1,6
84,-999.000,-999.000,525,22.0,0.6,0.5,0.6,0.5, 9.644,-84.895,3.0,1,1,1,1,2018-07-30T07:14:40.999998,-999.000,-999.000,-1,-1, 1, 1,1,1
85,-999.000,-999.000,526,8.0,0.5,-999.0,0.5,-999.0, 8.884,-84.094,3.9,1,0,1,0,2018-07-31T04:33:20.000000,-999.000,-999.000,-1,-1, 0, 1,0,1
86,-999.000,-999.000,527,2.0,1.2,-999.0,1.2,-999.0, 9.427,-84.242,4.1,1,0,1,0,2018-07-31T09:38:25.000002,-999.000,-999.000,-1,-1, 0, 1,0,1
87,-999.000,-999.000,520,5.0,0.2,-999.0,0.2,-999.0, 9.982,-83.510,2.7,1,0,1,0,2018-07-16T10:12:35.999998,-999.000,-999.000,-1,-1, 0, 1,0,1
88,-999.000,-999.000,521,17.0,0.4,-999.0,0.4,-999.0, 8.645,-83.394,2.9,1,0,1,0,2018-07-22T17:29:14.999998,-999.000,-999.000,-1,-1, 0, 1,0,1
89,-999.000,-999.000,522,20.0,-999.0,0.1,-999.0,0.1, 9.414,-84.443,3.4,0,1,0,1,2018-07-23T21:53:57.000000,-999.000,-999.000,-1,-1, 1, 0,1,0
90,-999.000,-999.000,523,15.0,1.6,-999.0,1.6,-999.0, 9.307,-84.636,4.8,2,0,2,0,2018-07-25T09:43:41.000000,-999.000,-999.000,-1,-1, 0, 1,0,1
91,-999.000,-999.000,1014,17.0,0.2,-999.0,0.2,-999.0, 9.250,-84.140,2.6,1,0,1,0,2021-05-03T01:25:44.000003,-999.000,-999.000,-1,-1, 0, 1,0,1
92,-999.000,-999.000,1015,7.0,0.1,-999.0,0.1,-999.0, 9.965,-83.951,2.9,1,0,1,0,2021-05-04T11:18:16.999998,-999.000,-999.000,-1,-1, 0, 1,0,1
93,-999.000,-999.000,1016,20.0,-999.0,-999.0,-999.0,0.2, 9.203,-84.084,3.1,0,0,0,1,2021-05-04T20:38:28.000001,-999.000,-999.000,-1,-1, 1, 0,0,0
94,-999.000,-999.000,1017,17.0,-999.0,0.1,-999.0,0.1, 8.706,-83.897,2.5,0,1,0,1,2021-05-05T03:41:21.999998,-999.000,-999.000,-1,-1, 1, 0,1,0
95,-999.000,-999.000,528,32.0,-999.0,0.4,-999.0,0.4, 9.049,-83.064,3.3,0,1,0,1,2018-08-02T00:10:06.999998,-999.000,-999.000,-1,-1, 1, 0,1,0
96,-999.000,-999.000,529,38.0,-999.0,1.0,-999.0,1.0, 9.160,-83.869,3.5,0,1,0,1,2018-08-02T01:53:09.000001,-999.000,-999.000,-1,-1, 1, 0,1,0
97,-999.000,-999.000,1012,22.0,0.4,-999.0,0.4,-999.0, 9.580,-84.769,2.8,1,0,1,0,2021-04-30T09:45:43.000000,-999.000,-999.000,-1,-1, 0, 1,0,1
98,-999.000,-999.000,1013,13.0,0.3,0.6,0.3,0.6, 8.668,-83.345,3.5,3,3,3,3,2021-05-02T19:05:32.000001,-999.000,-999.000,5,5, 3, 3,3,3
99,-999.000,-999.000,449,7.0,0.6,0.3,0.6,0.3,10.155,-83.978,3.2,1,1,1,1,2018-01-23T02:44:12.999998,-999.000,-999.000,-1,-1, 1, 1,1,1
100,-999.000,-999.000,448,9.0,1.5,-999.0,1.5,-999.0, 9.369,-84.519,4.3,5,0,5,0,2018-01-16T13:34:16.000003,-999.000,-999.000,1,1, 0, 5,0,5
101,-999.000,-999.000,345,16.0,-999.0,-999.0,-999.0,-999.0, 8.921,-84.057,2.7,2,0,2,0,2017-03-19T22:27:47.000000,-999.000,-999.000,-1,-1, 0, 2,0,2
102,-999.000,-999.000,443,12.0,0.1,0.3,0.1,0.3,10.658,-84.963,4.7,25,19,25,19,2018-01-11T17:03:15.999998,-999.000,-999.000,4,4, 11, 12,11,12
103,-999.000,-999.000,442,8.0,-999.0,0.4,-999.0,0.4, 9.465,-84.458,3.1,0,1,0,1,2018-01-09T14:22:12.999999,-999.000,-999.000,-1,-1, 1, 0,1,0
104,-999.000,-999.000,441,33.0,-999.0,-999.0,-999.0,0.2, 8.272,-82.798,2.9,0,0,0,1,2018-01-08T07:36:32.999998,-999.000,-999.000,-1,-1, 1, 0,0,0
105,-999.000,-999.000,440,12.0,-999.0,-999.0,-999.0,-999.0, 9.046,-84.155,3.2,1,0,1,0,2017-12-29T15:25:23.000001,-999.000,-999.000,-1,-1, 0, 1,0,1
106,-999.000,-999.000,447,21.0,1.1,-999.0,1.1,-999.0, 9.164,-84.459,3.6,1,0,1,0,2018-01-14T04:19:53.999997,-999.000,-999.000,-1,-1, 0, 1,0,1
107,-999.000,-999.000,446,13.0,0.8,-999.0,0.8,-999.0, 9.510,-84.966,3.3,1,0,1,0,2018-01-12T18:38:55.000000,-999.000,-999.000,-1,-1, 0, 1,0,1
108,-999.000,-999.000,445,57.0,0.1,-999.0,0.1,-999.0, 9.649,-82.892,2.6,1,0,1,0,2018-01-13T07:26:44.000002,-999.000,-999.000,-1,-1, 0, 1,0,1
109,-999.000,-999.000,444,22.0,1.0,-999.0,1.0,-999.0, 9.607,-84.654,3.4,1,0,1,0,2018-01-11T20:47:20.000004,-999.000,-999.000,-1,-1, 0, 1,0,1
110,-999.000,-999.000,47,23.0,1.4,-999.0,1.4,-999.0, 9.991,-85.044,3.8,1,0,1,0,2014-04-19T14:36:09.000002,-999.000,-999.000,-1,-1, 0, 1,0,1
111,-999.000,-999.000,108,17.0,-999.0,0.1,-999.0,0.1, 9.434,-84.347,2.5,0,1,0,1,2014-10-21T10:28:45.999999,-999.000,-999.000,-1,-1, 1, 0,1,0
112,-999.000,-999.000,109,47.0,0.2,-999.0,0.2,-999.0, 8.320,-82.875,2.9,1,0,1,0,2014-10-21T08:18:43.000002,-999.000,-999.000,-1,-1, 0, 1,0,1
113,-999.000,-999.000,102,13.0,1.4,-999.0,1.4,-999.0, 8.986,-83.994,5.0,6,0,6,0,2014-10-14T03:31:07.000003,-999.000,-999.000,1,1, 0, 3,0,3
114,-999.000,-999.000,103,17.0,1.5,1.5,1.5,1.5, 8.406,-83.143,4.3,1,1,1,1,2014-10-14T15:59:50.000001,-999.000,-999.000,-1,-1, 1, 1,1,1
115,-999.000,-999.000,100,10.0,-999.0,-999.0,-999.0,-999.0, 9.853,-84.670,2.5,1,0,1,0,2014-10-12T00:34:26.999999,-999.000,-999.000,-1,-1, 0, 1,0,1
116,-999.000,-999.000,101,8.0,0.7,0.5,0.7,0.5, 9.543,-84.160,3.4,1,1,1,1,2014-10-13T12:58:20.000000,-999.000,-999.000,-1,-1, 1, 1,1,1
117,-999.000,-999.000,106,3.0,1.2,0.9,1.2,0.9, 9.400,-82.746,3.8,4,1,4,1,2014-10-20T04:23:04.000000,-999.000,-999.000,1,1, 1, 4,1,4
118,-999.000,-999.000,107,9.0,1.4,-999.0,1.4,-999.0, 8.938,-84.234,4.3,2,0,2,0,2014-10-20T15:36:51.000001,-999.000,-999.000,-1,-1, 0, 2,0,2
119,-999.000,-999.000,104,28.0,0.4,-999.0,0.4,-999.0, 9.547,-84.510,3.5,1,0,1,0,2014-10-16T03:47:50.999997,-999.000,-999.000,-1,-1, 0, 1,0,1
120,-999.000,-999.000,105,55.0,1.1,-999.0,1.1,-999.0, 8.921,-82.842,4.2,5,0,5,0,2014-10-19T17:08:06.999998,-999.000,-999.000,1,1, 0, 5,0,5
121,-999.000,-999.000,902,0.0,-999.0,-999.0,-999.0,-999.0,10.043,-83.788,3.0,1,0,1,0,2020-11-24T17:31:25.999999,-999.000,-999.000,-1,-1, 0, 1,0,1
122,-999.000,-999.000,903,11.0,0.2,-999.0,0.2,-999.0, 8.888,-84.114,2.8,2,0,2,0,2020-11-26T02:51:24.999997,-999.000,-999.000,-1,-1, 0, 2,0,2
123,-999.000,-999.000,39,10.0,1.3,-999.0,1.3,-999.0, 9.686,-84.188,4.0,2,0,2,0,2014-04-06T20:05:02.999998,-999.000,-999.000,-1,-1, 0, 2,0,2
124,-999.000,-999.000,38,42.0,0.8,-999.0,0.8,-999.0, 9.300,-82.674,3.4,1,0,1,0,2014-04-05T01:26:31.999997,-999.000,-999.000,-1,-1, 0, 1,0,1
125,-999.000,-999.000,906,25.0,1.1,-999.0,1.1,-999.0, 9.639,-84.878,4.8,4,0,4,0,2020-12-08T03:33:26.000002,-999.000,-999.000,1,1, 0, 1,0,1
126,-999.000,-999.000,907,29.0,0.2,-999.0,0.2,-999.0, 8.463,-82.986,4.9,17,0,17,0,2020-12-08T14:20:47.000001,-999.000,-999.000,2,2, 0, 3,0,3
127,-999.000,-999.000,904,14.0,0.1,-999.0,0.1,-999.0, 9.014,-84.194,3.1,1,0,1,0,2020-11-26T16:53:10.000000,-999.000,-999.000,-1,-1, 0, 1,0,1
128,-999.000,-999.000,905,19.0,0.2,0.5,0.2,0.5, 9.564,-84.858,3.4,2,1,2,1,2020-12-04T17:14:07.999999,-999.000,-999.000,4,4, 1, 2,1,2
129,-999.000,-999.000,33,20.0,-999.0,0.2,-999.0,0.2, 8.248,-82.844,2.9,0,1,0,1,2014-03-22T21:50:06.000000,-999.000,-999.000,-1,-1, 1, 0,1,0
130,-999.000,-999.000,32,8.0,0.3,-999.0,0.3,-999.0, 9.860,-83.971,2.7,1,0,1,0,2014-03-20T13:27:08.000002,-999.000,-999.000,-1,-1, 0, 1,0,1
131,-999.000,-999.000,31,9.0,-999.0,0.2,-999.0,0.2, 8.750,-83.417,3.2,0,1,0,1,2014-03-20T11:01:27.000000,-999.000,-999.000,-1,-1, 1, 0,1,0
132,-999.000,-999.000,30,8.0,0.1,-999.0,0.1,-999.0, 8.153,-82.830,4.3,2,0,2,0,2014-03-15T16:26:03.000002,-999.000,-999.000,-1,-1, 0, 2,0,2
133,-999.000,-999.000,37,6.0,0.9,-999.0,0.9,-999.0, 8.242,-82.945,3.9,1,0,1,0,2014-03-27T01:04:50.000003,-999.000,-999.000,-1,-1, 0, 1,0,1
134,-999.000,-999.000,36,13.0,-999.0,-999.0,-999.0,-999.0, 9.869,-85.664,2.4,1,0,1,0,2014-03-25T10:51:02.999997,-999.000,-999.000,-1,-1, 0, 1,0,1
135,-999.000,-999.000,35,0.0,0.4,-999.0,0.4,-999.0, 8.893,-82.964,3.0,1,0,1,0,2014-03-24T00:31:41.000003,-999.000,-999.000,-1,-1, 0, 1,0,1
136,-999.000,-999.000,34,23.0,-999.0,0.3,-999.0,0.3, 8.854,-84.087,2.9,0,1,0,1,2014-03-23T06:19:10.999997,-999.000,-999.000,-1,-1, 1, 0,1,0
137,-999.000,-999.000,641,7.0,-999.0,0.4,-999.0,0.4, 9.517,-84.021,2.9,0,1,0,1,2019-05-09T22:34:13.999999,-999.000,-999.000,-1,-1, 1, 0,1,0
138,-999.000,-999.000,640,41.0,1.8,-999.0,1.8,-999.0, 8.600,-82.966,4.3,1,0,1,0,2019-05-09T03:17:16.000004,-999.000,-999.000,-1,-1, 0, 1,0,1
139,-999.000,-999.000,643,35.0,2.8,-999.0,2.8,-999.0, 9.616,-84.321,5.2,1,0,1,0,2019-05-13T01:01:51.000002,-999.000,-999.000,-1,-1, 0, 0,0,0
140,-999.000,-999.000,642,32.0,1.7,-999.0,1.7,-999.0, 8.501,-82.898,6.0,44,0,46,0,2019-05-12T19:24:46.999998,-999.000,-999.000,1,1, 0, 5,0,5
141,-999.000,-999.000,645,14.0,0.8,-999.0,0.8,-999.0, 9.449,-84.376,3.3,2,0,2,0,2019-05-17T15:35:59.999997,-999.000,-999.000,-1,-1, 0, 2,0,2
142,-999.000,-999.000,644,13.0,0.4,-999.0,0.4,-999.0, 9.333,-83.246,3.1,1,0,1,0,2019-04-10T19:40:45.000001,-999.000,-999.000,-1,-1, 0, 1,0,1
143,-999.000,-999.000,438,10.0,0.8,-999.0,0.8,-999.0, 9.330,-83.287,4.5,2,0,2,0,2017-12-31T13:38:13.000000,-999.000,-999.000,-1,-1, 0, 2,0,2
144,-999.000,-999.000,439,27.0,0.6,-999.0,0.6,-999.0, 9.213,-83.868,3.2,1,0,1,0,2017-12-31T00:28:18.000003,-999.000,-999.000,-1,-1, 0, 1,0,1
145,-999.000,-999.000,436,12.0,0.1,-999.0,0.1,-999.0, 9.361,-84.572,3.4,4,0,4,0,2017-12-28T03:33:31.000001,-999.000,-999.000,4,4, 0, 4,0,4
146,-999.000,-999.000,437,0.0,0.4,1.0,0.4,1.0, 9.200,-84.504,3.4,2,1,2,1,2017-12-30T03:32:32.999999,-999.000,-999.000,5,5, 1, 2,1,2
147,-999.000,-999.000,434,19.0,-999.0,-999.0,-999.0,-999.0, 9.475,-84.581,3.9,5,0,5,0,2017-12-26T19:15:12.000002,-999.000,-999.000,2,2, 0, 5,0,5
148,-999.000,-999.000,435,29.0,-999.0,0.8,-999.0,0.8, 9.137,-83.893,3.4,0,1,0,1,2017-12-27T10:34:29.000001,-999.000,-999.000,-1,-1, 1, 0,1,0
149,-999.000,-999.000,432,31.0,0.3,-999.0,0.3,-999.0, 9.368,-84.420,2.8,1,0,1,0,2017-12-23T10:29:41.000001,-999.000,-999.000,-1,-1, 0, 1,0,1
150,-999.000,-999.000,433,13.0,-999.0,-999.0,-999.0,-999.0, 9.427,-84.463,2.6,1,0,1,0,2017-12-12T02:40:00.000003,-999.000,-999.000,-1,-1, 0, 1,0,1
151,-999.000,-999.000,430,8.0,-999.0,-999.0,-999.0,-999.0, 9.346,-84.351,3.0,2,0,2,0,2017-12-17T12:31:56.000002,-999.000,-999.000,-1,-1, 0, 2,0,2
152,-999.000,-999.000,431,7.0,0.9,-999.0,0.9,-999.0, 9.198,-84.428,4.2,5,0,5,0,2017-12-21T14:32:50.000000,-999.000,-999.000,1,1, 0, 5,0,5
153,-999.000,-999.000,826,19.0,0.5,-999.0,0.5,-999.0, 8.933,-84.102,3.8,1,0,1,0,2020-06-16T08:17:23.999997,-999.000,-999.000,-1,-1, 0, 1,0,1
154,-999.000,-999.000,339,16.0,-999.0,0.2,-999.0,0.2, 9.964,-85.681,2.7,0,1,0,1,2017-03-10T11:21:05.999998,-999.000,-999.000,-1,-1, 1, 0,1,0
155,-999.000,-999.000,338,13.0,0.7,-999.0,0.7,-999.0, 8.847,-84.112,3.3,1,0,1,0,2017-03-08T22:50:00.000002,-999.000,-999.000,-1,-1, 0, 1,0,1
156,-999.000,-999.000,335,14.0,0.5,-999.0,0.5,-999.0, 9.674,-84.153,3.1,1,0,1,0,2017-02-23T03:08:58.000003,-999.000,-999.000,-1,-1, 0, 1,0,1
157,-999.000,-999.000,334,33.0,1.3,-999.0,1.3,-999.0, 8.416,-83.054,4.6,2,0,2,0,2017-01-21T04:54:20.000000,-999.000,-999.000,-1,-1, 0, 1,0,1
158,-999.000,-999.000,337,22.0,-999.0,-999.0,-999.0,-999.0, 9.286,-84.772,2.5,1,1,1,1,2017-03-03T16:33:00.000000,-999.000,-999.000,-1,-1, 1, 1,1,1
159,-999.000,-999.000,336,1.0,0.5,-999.0,0.5,-999.0, 9.730,-83.923,3.2,1,0,1,0,2017-02-28T05:54:13.000003,-999.000,-999.000,-1,-1, 0, 1,0,1
160,-999.000,-999.000,331,4.0,1.0,-999.0,1.0,-999.0, 9.305,-82.904,3.8,1,0,1,0,2016-12-01T20:59:18.999997,-999.000,-999.000,-1,-1, 0, 1,0,1
161,-999.000,-999.000,330,2.0,1.1,-999.0,1.1,-999.0, 9.954,-83.787,4.9,33,0,33,0,2016-12-01T00:25:17.999998,-999.000,-999.000,1,1, 0, 8,0,8
162,-999.000,-999.000,333,49.0,0.1,-999.0,0.1,-999.0, 9.454,-84.034,3.1,1,0,1,0,2016-12-14T07:19:38.999997,-999.000,-999.000,-1,-1, 0, 1,0,1
163,-999.000,-999.000,332,33.0,-999.0,-999.0,-999.0,-999.0, 9.481,-83.946,3.8,3,0,3,0,2016-12-04T11:34:27.000001,-999.000,-999.000,2,2, 0, 3,0,3
164,-999.000,-999.000,559,15.0,0.2,-999.0,0.2,-999.0, 8.956,-84.235,3.0,1,0,1,0,2018-09-28T13:11:59.999998,-999.000,-999.000,-1,-1, 0, 1,0,1
165,-999.000,-999.000,1026,25.0,0.7,-999.0,0.7,-999.0, 8.270,-82.817,4.0,5,0,5,0,2021-05-16T05:27:36.000003,-999.000,-999.000,1,1, 0, 5,0,5
166,-999.000,-999.000,745,7.0,0.7,-999.0,0.7,-999.0, 8.955,-82.919,3.2,1,0,1,0,2019-12-26T00:46:18.000001,-999.000,-999.000,-1,-1, 0, 1,0,1
167,-999.000,-999.000,854,46.0,0.5,-999.0,0.5,-999.0, 8.723,-83.110,3.3,1,0,1,0,2020-08-04T10:35:45.999998,-999.000,-999.000,-1,-1, 0, 1,0,1
168,-999.000,-999.000,818,20.0,-999.0,-999.0,-999.0,-999.0, 9.369,-84.257,2.6,1,0,1,0,2020-05-26T03:28:47.999997,-999.000,-999.000,-1,-1, 0, 1,0,1
169,-999.000,-999.000,856,24.0,-999.0,-999.0,0.4,-999.0, 8.284,-82.769,3.1,0,0,1,0,2020-05-14T12:28:02.000000,-999.000,-999.000,-1,-1, 0, 1,0,0
170,-999.000,-999.000,857,26.0,-999.0,0.2,-999.0,0.2, 9.296,-83.230,2.8,0,1,0,1,2020-08-20T16:21:14.999999,-999.000,-999.000,-1,-1, 1, 0,1,0
171,-999.000,-999.000,850,16.0,-999.0,-999.0,2.3,-999.0, 9.422,-84.678,5.0,0,0,1,0,2019-11-22T09:07:38.999998,-999.000,-999.000,-1,-1, 0, 0,0,0
172,-999.000,-999.000,851,7.0,1.6,-999.0,1.6,-999.0, 9.752,-83.965,4.3,2,0,2,0,2020-08-11T01:06:13.000003,-999.000,-999.000,-1,-1, 0, 2,0,2
173,-999.000,-999.000,852,34.0,1.2,0.5,1.2,0.5, 9.211,-84.052,3.7,1,1,1,1,2020-08-15T05:19:27.000001,-999.000,-999.000,-1,-1, 1, 1,1,1
174,-999.000,-999.000,858,13.0,0.8,-999.0,0.8,-999.0, 8.453,-83.127,3.6,3,0,3,0,2020-08-21T18:12:56.999997,-999.000,-999.000,1,1, 0, 3,0,3
175,-999.000,-999.000,859,23.0,2.0,-999.0,2.0,-999.0, 9.502,-84.667,6.0,33,0,35,0,2020-08-24T21:51:06.000001,-999.000,-999.000,1,1, 0, 1,0,1
176,-999.000,-999.000,748,18.0,-999.0,-999.0,-999.0,-999.0, 9.610,-84.872,2.8,5,0,5,0,2019-12-29T12:56:47.000003,-999.000,-999.000,4,4, 0, 5,0,5
177,-999.000,-999.000,6,38.0,0.1,-999.0,0.1,-999.0, 9.540,-84.124,3.3,2,0,2,0,2014-01-28T18:58:40.000002,-999.000,-999.000,-1,-1, 0, 2,0,2
178,-999.000,-999.000,425,17.0,0.6,-999.0,0.6,-999.0, 9.472,-84.812,4.0,3,0,3,0,2017-12-11T03:49:00.000000,-999.000,-999.000,1,1, 0, 3,0,3
179,-999.000,-999.000,43,43.0,0.1,-999.0,0.1,-999.0, 9.518,-84.101,2.6,1,0,1,0,2014-04-15T20:00:26.999999,-999.000,-999.000,-1,-1, 0, 1,0,1
180,-999.000,-999.000,99,46.0,1.0,-999.0,1.0,-999.0,10.148,-85.312,4.0,1,0,1,0,2014-10-09T19:38:28.000003,-999.000,-999.000,-1,-1, 0, 1,0,1
181,-999.000,-999.000,98,21.0,0.1,-999.0,0.1,-999.0, 8.356,-83.128,5.1,29,0,30,0,2014-10-10T06:22:54.000001,-999.000,-999.000,4,4, 0, 12,0,12
182,-999.000,-999.000,8,30.0,-999.0,-999.0,-999.0,-999.0, 9.538,-84.193,2.8,1,0,1,0,2014-02-02T12:23:51.000000,-999.000,-999.000,-1,-1, 0, 1,0,1
183,-999.000,-999.000,91,13.0,1.0,-999.0,1.0,-999.0, 8.884,-84.127,5.4,40,0,47,0,2014-08-31T10:01:33.000003,-999.000,-999.000,1,1, 0, 3,0,3
184,-999.000,-999.000,90,10.0,0.6,-999.0,0.6,-999.0, 8.323,-82.945,4.4,3,0,3,0,2014-08-28T10:52:18.999997,-999.000,-999.000,1,1, 0, 3,0,3
185,-999.000,-999.000,93,10.0,0.6,-999.0,0.6,-999.0, 8.998,-84.193,3.0,1,0,1,0,2014-09-11T03:29:18.000004,-999.000,-999.000,-1,-1, 0, 1,0,1
186,-999.000,-999.000,92,19.0,2.0,0.2,2.0,0.2, 9.651,-85.102,4.7,1,1,1,1,2014-09-09T16:07:53.999996,-999.000,-999.000,-1,-1, 1, 1,1,1
187,-999.000,-999.000,95,20.0,-999.0,0.6,-999.0,0.6, 8.902,-84.044,3.2,0,1,0,1,2014-10-06T03:39:20.999998,-999.000,-999.000,-1,-1, 1, 0,1,0
188,-999.000,-999.000,94,20.0,0.4,-999.0,0.4,-999.0, 8.255,-82.795,2.8,1,0,1,0,2014-10-04T07:10:11.999999,-999.000,-999.000,-1,-1, 0, 1,0,1
189,-999.000,-999.000,97,19.0,0.5,-999.0,0.5,-999.0, 9.581,-84.917,3.1,2,0,2,0,2014-10-09T03:45:05.999999,-999.000,-999.000,-1,-1, 0, 2,0,2
190,-999.000,-999.000,96,10.0,-999.0,0.4,-999.0,0.4, 8.458,-83.134,3.3,0,2,0,2,2014-10-08T01:38:45.000003,-999.000,-999.000,-1,-1, 2, 0,2,0
191,-999.000,-999.000,424,1.0,0.6,-999.0,0.6,-999.0, 9.374,-84.539,3.4,1,0,1,0,2017-12-10T06:29:44.000000,-999.000,-999.000,-1,-1, 0, 1,0,1
192,-999.000,-999.000,814,11.0,0.6,-999.0,0.6,-999.0, 9.588,-84.538,3.1,1,0,1,0,2020-04-28T20:33:18.000003,-999.000,-999.000,-1,-1, 0, 1,0,1
193,-999.000,-999.000,314,25.0,0.6,-999.0,0.6,-999.0, 8.919,-84.101,3.2,1,0,1,0,2016-10-06T11:30:16.000002,-999.000,-999.000,-1,-1, 0, 1,0,1
194,-999.000,-999.000,815,6.0,-999.0,0.2,-999.0,0.2, 9.348,-84.478,3.6,0,2,0,2,2020-05-06T02:54:53.000001,-999.000,-999.000,-1,-1, 2, 0,2,0
195,-999.000,-999.000,153,40.0,1.6,-999.0,1.6,-999.0, 8.329,-82.910,4.2,1,0,1,0,2015-03-01T17:45:06.999997,-999.000,-999.000,-1,-1, 0, 1,0,1
196,-999.000,-999.000,740,52.0,-999.0,0.6,-999.0,0.6, 9.559,-84.042,3.8,0,1,0,1,2019-12-20T19:20:48.000002,-999.000,-999.000,-1,-1, 1, 0,1,0
197,-999.000,-999.000,741,15.0,1.5,-999.0,1.5,-999.0, 8.566,-83.222,4.2,1,0,1,0,2019-12-21T11:35:57.999998,-999.000,-999.000,-1,-1, 0, 1,0,1
198,-999.000,-999.000,742,55.0,0.8,-999.0,0.8,-999.0, 9.622,-84.034,3.5,1,0,1,0,2019-12-22T08:37:22.999998,-999.000,-999.000,-1,-1, 0, 1,0,1
199,-999.000,-999.000,743,17.0,1.3,-999.0,1.3,-999.0, 9.397,-84.596,4.1,1,0,1,0,2019-12-23T06:28:38.000000,-999.000,-999.000,-1,-1, 0, 1,0,1
200,-999.000,-999.000,744,24.0,-999.0,-999.0,-999.0,-999.0, 8.486,-82.999,3.1,2,0,2,0,2019-12-25T19:28:48.000001,-999.000,-999.000,-1,-1, 0, 2,0,2
201,-999.000,-999.000,558,8.0,-999.0,-999.0,0.1,-999.0, 9.095,-84.059,3.8,0,0,2,0,2018-04-19T23:00:37.999997,-999.000,-999.000,-1,-1, 0, 2,0,0
202,-999.000,-999.000,746,24.0,-999.0,-999.0,0.2,-999.0, 8.293,-82.792,2.8,0,0,2,0,2015-02-21T12:21:40.000000,-999.000,-999.000,-1,-1, 0, 2,0,0
203,-999.000,-999.000,747,16.0,0.3,-999.0,0.3,-999.0, 9.520,-84.868,2.7,1,0,1,0,2019-12-28T21:48:03.999998,-999.000,-999.000,-1,-1, 0, 1,0,1
204,-999.000,-999.000,555,47.0,-999.0,1.0,-999.0,1.0,10.279,-85.359,4.3,0,1,0,1,2018-09-22T04:54:44.999998,-999.000,-999.000,-1,-1, 1, 0,1,0
205,-999.000,-999.000,554,33.0,1.2,-999.0,1.2,-999.0, 9.131,-83.425,3.8,1,0,1,0,2018-09-21T01:15:29.999998,-999.000,-999.000,-1,-1, 0, 1,0,1
206,-999.000,-999.000,557,6.0,-999.0,-999.0,-999.0,-999.0, 9.656,-83.598,2.9,1,0,1,0,2018-09-25T04:38:33.000002,-999.000,-999.000,-1,-1, 0, 1,0,1
207,-999.000,-999.000,556,31.0,0.5,-999.0,0.5,-999.0, 8.848,-83.034,3.1,1,0,1,0,2018-09-24T08:07:19.999998,-999.000,-999.000,-1,-1, 0, 1,0,1
208,-999.000,-999.000,551,14.0,0.2,-999.0,0.2,-999.0, 9.792,-85.537,2.7,2,0,2,0,2018-09-16T15:35:27.999998,-999.000,-999.000,-1,-1, 0, 2,0,2
209,-999.000,-999.000,550,18.0,1.1,0.1,1.1,0.1, 9.165,-83.926,3.5,1,4,1,4,2018-09-16T00:36:39.999998,-999.000,-999.000,2,2, 4, 1,4,1
210,-999.000,-999.000,553,3.0,1.3,-999.0,1.3,-999.0, 9.060,-82.735,4.0,1,0,1,0,2018-09-20T23:55:06.000000,-999.000,-999.000,-1,-1, 0, 1,0,1
211,-999.000,-999.000,552,35.0,1.0,-999.0,1.0,-999.0, 9.209,-83.862,3.8,2,0,2,0,2018-09-15T10:07:02.999997,-999.000,-999.000,-1,-1, 0, 2,0,2
212,-999.000,-999.000,238,20.0,1.1,-999.0,1.1,-999.0, 9.587,-84.091,3.7,1,0,1,0,2016-01-12T08:15:16.000003,-999.000,-999.000,-1,-1, 0, 1,0,1
213,-999.000,-999.000,239,31.0,0.6,0.3,0.6,0.3, 8.930,-84.238,5.1,28,22,29,22,2016-01-16T16:57:58.000003,-999.000,-999.000,5,5, 5, 12,5,12
214,-999.000,-999.000,234,30.0,-999.0,0.4,-999.0,0.4, 9.033,-83.907,3.1,0,1,0,1,2016-01-04T17:53:55.000000,-999.000,-999.000,-1,-1, 1, 0,1,0
215,-999.000,-999.000,235,28.0,1.9,-999.0,1.9,-999.0, 8.170,-82.829,4.7,1,0,1,0,2016-01-03T07:06:36.000000,-999.000,-999.000,-1,-1, 0, 1,0,1
216,-999.000,-999.000,236,34.0,0.9,-999.0,0.9,-999.0, 9.710,-84.447,3.3,1,0,1,0,2016-01-09T20:19:59.999998,-999.000,-999.000,-1,-1, 0, 1,0,1
217,-999.000,-999.000,237,16.0,0.4,-999.0,0.4,-999.0, 8.258,-83.025,2.8,1,0,1,0,2016-01-10T09:45:54.000002,-999.000,-999.000,-1,-1, 0, 1,0,1
218,-999.000,-999.000,230,23.0,-999.0,0.3,-999.0,0.3, 9.492,-84.516,2.9,0,1,0,1,2015-12-03T08:13:27.000000,-999.000,-999.000,-1,-1, 1, 0,1,0
219,-999.000,-999.000,231,22.0,-999.0,-999.0,-999.0,-999.0, 9.620,-84.877,2.6,1,0,1,0,2015-12-04T21:24:30.999999,-999.000,-999.000,-1,-1, 0, 1,0,1
220,-999.000,-999.000,232,26.0,1.4,-999.0,1.4,-999.0, 9.885,-85.712,4.9,5,0,5,0,2015-12-10T00:03:12.000000,-999.000,-999.000,1,1, 0, 3,0,3
221,-999.000,-999.000,233,9.0,0.4,-999.0,0.4,-999.0, 8.983,-84.205,3.0,1,0,1,0,2015-12-15T08:56:03.000001,-999.000,-999.000,-1,-1, 0, 1,0,1
222,-999.000,-999.000,1050,18.0,-999.0,0.1,-999.0,0.1, 9.992,-84.636,2.8,0,1,0,1,2021-07-04T06:40:17.000002,-999.000,-999.000,-1,-1, 1, 0,1,0
223,-999.000,-999.000,1051,25.0,-999.0,0.5,-999.0,0.5, 8.389,-83.038,3.0,0,1,0,1,2021-07-04T11:57:26.000002,-999.000,-999.000,-1,-1, 1, 0,1,0
224,-999.000,-999.000,1052,22.0,-999.0,0.1,-999.0,0.1, 9.463,-83.680,2.5,0,1,0,1,2021-07-06T11:41:21.999999,-999.000,-999.000,-1,-1, 1, 0,1,0
225,-999.000,-999.000,1053,4.0,-999.0,0.8,-999.0,0.8, 9.810,-83.945,3.2,0,1,0,1,2021-07-06T19:20:07.000002,-999.000,-999.000,-1,-1, 1, 0,1,0
226,-999.000,-999.000,1054,16.0,1.1,0.8,1.1,0.8, 9.200,-83.874,3.7,1,1,1,1,2021-07-09T05:07:35.000001,-999.000,-999.000,-1,-1, 1, 1,1,1
227,-999.000,-999.000,1055,27.0,0.6,-999.0,0.6,-999.0, 8.430,-82.872,3.8,1,0,1,0,2021-07-09T08:57:27.000002,-999.000,-999.000,-1,-1, 0, 1,0,1
228,-999.000,-999.000,1056,28.0,1.1,-999.0,1.1,-999.0, 9.558,-83.979,4.2,2,0,2,0,2021-07-15T03:09:36.000001,-999.000,-999.000,-1,-1, 0, 2,0,2
229,-999.000,-999.000,1057,11.0,1.2,-999.0,1.2,-999.0, 8.430,-83.068,4.1,2,0,2,0,2021-07-15T13:34:16.999998,-999.000,-999.000,-1,-1, 0, 2,0,2
230,-999.000,-999.000,1058,25.0,1.5,-999.0,1.5,-999.0, 8.850,-82.877,4.0,1,0,1,0,2021-07-15T09:16:44.000001,-999.000,-999.000,-1,-1, 0, 1,0,1
231,-999.000,-999.000,1059,33.0,-999.0,0.5,-999.0,0.5, 9.546,-83.917,3.8,0,1,0,1,2021-07-17T03:10:08.000002,-999.000,-999.000,-1,-1, 1, 0,1,0
232,-999.000,-999.000,1,24.0,0.1,0.7,0.1,0.7, 8.851,-84.185,3.4,2,1,2,1,2014-01-03T15:34:16.999997,-999.000,-999.000,2,2, 1, 2,1,2
233,-999.000,-999.000,155,14.0,1.6,-999.0,1.6,-999.0, 8.136,-82.874,4.2,1,0,1,0,2015-03-09T00:04:09.000003,-999.000,-999.000,-1,-1, 0, 1,0,1
234,-999.000,-999.000,146,27.0,0.5,0.2,0.5,0.2, 8.278,-82.748,3.3,1,1,1,1,2015-02-01T12:03:23.999999,-999.000,-999.000,-1,-1, 1, 1,1,1
235,-999.000,-999.000,147,6.0,-999.0,0.6,-999.0,0.6, 9.996,-83.912,3.4,0,1,0,1,2015-02-11T15:33:30.000002,-999.000,-999.000,-1,-1, 1, 0,1,0
236,-999.000,-999.000,144,31.0,-999.0,-999.0,-999.0,-999.0, 8.652,-83.454,2.4,1,0,1,0,2015-01-31T03:28:52.000002,-999.000,-999.000,-1,-1, 0, 1,0,1
237,-999.000,-999.000,145,9.0,-999.0,0.4,-999.0,0.4, 8.725,-84.153,3.3,0,2,0,2,2015-02-01T10:40:34.999997,-999.000,-999.000,-1,-1, 2, 0,2,0
238,-999.000,-999.000,142,46.0,1.1,0.8,1.1,0.8, 8.845,-84.087,5.2,26,3,26,3,2015-01-10T06:56:07.999999,-999.000,-999.000,1,1, 1, 3,1,3
239,-999.000,-999.000,143,14.0,0.1,-999.0,0.1,-999.0, 8.179,-82.951,4.3,4,0,4,0,2015-01-11T16:34:49.999997,-999.000,-999.000,4,4, 0, 4,0,4
240,-999.000,-999.000,140,15.0,-999.0,0.2,-999.0,0.2, 9.440,-84.423,3.1,0,1,0,1,2015-01-07T09:34:00.000002,-999.000,-999.000,-1,-1, 1, 0,1,0
241,-999.000,-999.000,141,14.0,-999.0,-999.0,-999.0,-999.0, 9.399,-84.374,2.5,1,0,1,0,2015-01-09T05:21:07.000001,-999.000,-999.000,-1,-1, 0, 1,0,1
242,-999.000,-999.000,612,18.0,-999.0,0.3,-999.0,0.3, 9.504,-84.561,2.8,0,1,0,1,2019-03-17T14:55:24.000003,-999.000,-999.000,-1,-1, 1, 0,1,0
243,-999.000,-999.000,613,62.0,0.9,-999.0,0.9,-999.0, 8.806,-83.033,3.4,1,0,1,0,2019-03-22T21:39:04.999997,-999.000,-999.000,-1,-1, 0, 1,0,1
244,-999.000,-999.000,610,8.0,0.5,-999.0,0.5,-999.0, 9.752,-83.915,3.3,1,0,1,0,2019-03-02T17:44:48.999999,-999.000,-999.000,-1,-1, 0, 1,0,1
245,-999.000,-999.000,611,18.0,0.1,-999.0,0.1,-999.0, 9.068,-84.080,2.6,1,0,1,0,2019-03-04T06:52:08.000001,-999.000,-999.000,-1,-1, 0, 1,0,1
246,-999.000,-999.000,616,16.0,-999.0,0.1,-999.0,0.1, 8.849,-84.113,2.6,0,1,0,1,2019-03-28T15:52:45.999997,-999.000,-999.000,-1,-1, 1, 0,1,0
247,-999.000,-999.000,617,6.0,1.4,1.3,1.4,1.3, 9.442,-83.333,4.3,1,1,1,1,2019-03-29T14:54:09.999997,-999.000,-999.000,-1,-1, 1, 1,1,1
248,-999.000,-999.000,148,30.0,-999.0,0.1,-999.0,0.1, 9.189,-83.894,2.5,0,1,0,1,2015-02-16T21:29:23.999999,-999.000,-999.000,-1,-1, 1, 0,1,0
249,-999.000,-999.000,149,27.0,2.1,-999.0,1.5,-999.0, 8.908,-82.912,4.9,1,0,3,0,2015-02-18T16:59:33.000002,-999.000,-999.000,1,-1, 0, 2,0,0
250,-999.000,-999.000,511,23.0,0.6,-999.0,0.6,-999.0, 9.490,-84.676,4.1,2,0,2,0,2018-07-02T07:27:45.000000,-999.000,-999.000,-1,-1, 0, 2,0,2
251,-999.000,-999.000,510,22.0,-999.0,0.2,-999.0,0.2, 9.512,-84.713,2.6,0,1,0,1,2018-06-24T21:23:50.000001,-999.000,-999.000,-1,-1, 1, 0,1,0
252,-999.000,-999.000,154,2.0,-999.0,0.5,-999.0,0.5, 8.822,-84.106,4.1,0,3,0,3,2015-03-03T22:34:26.999998,-999.000,-999.000,1,1, 3, 0,3,0
253,-999.000,-999.000,513,4.0,0.2,-999.0,0.2,-999.0,10.095,-83.721,2.6,1,0,1,0,2018-07-03T14:25:20.000000,-999.000,-999.000,-1,-1, 0, 1,0,1
254,-999.000,-999.000,512,24.0,0.4,-999.0,0.4,-999.0, 9.138,-83.784,4.0,1,0,1,0,2018-06-30T16:41:44.999997,-999.000,-999.000,-1,-1, 0, 1,0,1
255,-999.000,-999.000,948,20.0,0.4,-999.0,0.4,-999.0, 8.863,-84.154,2.8,1,0,1,0,2021-02-22T13:51:38.999999,-999.000,-999.000,-1,-1, 0, 1,0,1
256,-999.000,-999.000,949,22.0,0.6,-999.0,0.6,-999.0, 9.546,-84.799,3.1,1,0,1,0,2021-02-22T22:04:24.999997,-999.000,-999.000,-1,-1, 0, 1,0,1
257,-999.000,-999.000,946,12.0,0.9,-999.0,0.9,0.6, 8.607,-83.292,3.3,1,0,1,1,2021-02-18T23:34:10.000003,-999.000,-999.000,-1,-1, 1, 1,0,1
258,-999.000,-999.000,947,22.0,0.3,-999.0,0.3,-999.0, 9.609,-83.830,2.7,1,0,1,0,2021-02-18T15:02:48.000000,-999.000,-999.000,-1,-1, 0, 1,0,1
259,-999.000,-999.000,944,10.0,0.2,-999.0,0.2,-999.0, 8.151,-82.775,3.2,1,0,1,0,2021-02-15T00:24:20.999997,-999.000,-999.000,-1,-1, 0, 1,0,1
260,-999.000,-999.000,945,19.0,0.3,0.1,0.3,0.1, 9.492,-84.830,3.2,1,1,1,1,2021-02-18T13:22:25.000001,-999.000,-999.000,-1,-1, 1, 1,1,1
261,-999.000,-999.000,942,4.0,0.3,-999.0,0.3,-999.0, 9.495,-83.640,2.7,1,0,1,0,2021-02-11T04:34:22.000001,-999.000,-999.000,-1,-1, 0, 1,0,1
262,-999.000,-999.000,943,18.0,0.9,1.5,0.9,1.5, 8.626,-83.296,4.9,31,2,31,2,2021-02-16T01:31:25.999999,-999.000,-999.000,1,1, 2, 8,2,8
263,-999.000,-999.000,940,27.0,0.9,-999.0,0.9,-999.0, 8.356,-82.921,3.3,1,0,1,0,2021-02-10T01:03:47.000001,-999.000,-999.000,-1,-1, 0, 1,0,1
264,-999.000,-999.000,941,26.0,-999.0,-999.0,-999.0,-999.0, 9.162,-83.851,2.7,1,0,1,0,2021-02-10T10:27:08.999999,-999.000,-999.000,-1,-1, 0, 1,0,1
265,-999.000,-999.000,689,12.0,-999.0,0.5,-999.0,0.5, 9.385,-84.681,3.0,0,1,0,1,2019-09-10T18:51:47.999997,-999.000,-999.000,-1,-1, 1, 0,1,0
266,-999.000,-999.000,688,13.0,-999.0,0.4,-999.0,0.4, 9.428,-84.659,3.2,0,1,0,1,2019-09-09T21:35:24.000003,-999.000,-999.000,-1,-1, 1, 0,1,0
267,-999.000,-999.000,685,24.0,0.6,-999.0,0.6,-999.0, 8.092,-82.753,3.8,1,0,1,0,2019-09-05T01:32:25.000003,-999.000,-999.000,-1,-1, 0, 1,0,1
268,-999.000,-999.000,684,27.0,-999.0,-999.0,-999.0,-999.0, 8.531,-83.090,2.5,1,0,1,0,2019-09-02T02:15:51.000000,-999.000,-999.000,-1,-1, 0, 1,0,1
269,-999.000,-999.000,687,21.0,-999.0,-999.0,-999.0,-999.0, 9.650,-84.917,2.5,1,0,1,0,2019-09-08T05:16:02.000003,-999.000,-999.000,-1,-1, 0, 1,0,1
270,-999.000,-999.000,686,20.0,0.5,-999.0,0.5,-999.0, 8.406,-83.031,3.0,1,0,1,0,2019-09-05T20:27:56.999998,-999.000,-999.000,-1,-1, 0, 1,0,1
271,-999.000,-999.000,681,14.0,0.6,-999.0,0.6,-999.0, 9.534,-84.561,3.2,2,0,2,0,2019-08-28T05:00:59.999998,-999.000,-999.000,-1,-1, 0, 2,0,2
272,-999.000,-999.000,680,19.0,1.3,-999.0,1.3,-999.0, 8.700,-83.264,3.9,1,0,1,0,2019-08-26T22:49:10.000002,-999.000,-999.000,-1,-1, 0, 1,0,1
273,-999.000,-999.000,683,27.0,-999.0,-999.0,-999.0,-999.0, 8.312,-82.984,3.6,0,0,1,0,2019-04-30T23:21:25.999999,-999.000,-999.000,-1,-1, 0, 1,0,0
274,-999.000,-999.000,682,36.0,1.6,1.8,1.6,1.8, 8.419,-82.907,5.2,12,1,13,1,2019-08-28T23:17:21.000001,-999.000,-999.000,1,1, 1, 2,1,2
275,-999.000,-999.000,458,22.0,-999.0,0.3,-999.0,0.3, 8.199,-83.007,3.0,0,1,0,1,2018-02-09T13:45:08.999999,-999.000,-999.000,-1,-1, 1, 0,1,0
276,-999.000,-999.000,459,18.0,0.1,-999.0,0.1,-999.0, 8.208,-82.868,3.4,2,0,2,0,2018-02-09T20:26:54.000000,-999.000,-999.000,-1,-1, 0, 2,0,2
277,-999.000,-999.000,133,33.0,-999.0,0.2,-999.0,0.2, 9.000,-84.094,2.9,0,1,0,1,2014-12-04T03:54:13.000003,-999.000,-999.000,-1,-1, 1, 0,1,0
278,-999.000,-999.000,132,23.0,-999.0,0.6,-999.0,0.6, 9.082,-84.070,3.2,0,1,0,1,2014-12-02T11:40:48.000003,-999.000,-999.000,-1,-1, 1, 0,1,0
279,-999.000,-999.000,131,14.0,-999.0,0.1,-999.0,0.1, 9.361,-84.270,2.6,0,1,0,1,2014-11-30T04:26:32.999997,-999.000,-999.000,-1,-1, 1, 0,1,0
280,-999.000,-999.000,130,20.0,0.4,-999.0,0.4,-999.0, 9.975,-85.633,3.1,1,0,1,0,2014-11-26T01:15:08.000001,-999.000,-999.000,-1,-1, 0, 1,0,1
281,-999.000,-999.000,137,3.0,0.8,-999.0,0.8,-999.0, 9.326,-82.776,3.6,1,0,1,0,2014-12-22T13:28:39.000000,-999.000,-999.000,-1,-1, 0, 1,0,1
282,-999.000,-999.000,136,34.0,0.1,0.1,0.1,0.1, 8.624,-83.251,2.7,1,1,1,1,2014-12-14T07:51:56.999998,-999.000,-999.000,-1,-1, 1, 1,1,1
283,-999.000,-999.000,135,11.0,-999.0,-999.0,-999.0,-999.0, 9.907,-84.079,2.7,1,0,1,0,2014-12-11T13:15:47.000000,-999.000,-999.000,-1,-1, 0, 1,0,1
284,-999.000,-999.000,134,7.0,-999.0,0.2,-999.0,0.2, 9.478,-84.585,2.9,0,1,0,1,2014-12-07T00:33:16.000000,-999.000,-999.000,-1,-1, 1, 0,1,0
285,-999.000,-999.000,494,14.0,1.2,-999.0,1.2,-999.0, 8.760,-83.563,3.6,1,0,1,0,2018-05-23T11:35:42.000001,-999.000,-999.000,-1,-1, 0, 1,0,1
286,-999.000,-999.000,495,22.0,1.7,-999.0,1.7,-999.0, 9.610,-84.807,4.3,2,0,2,0,2018-05-24T23:50:06.999998,-999.000,-999.000,-1,-1, 0, 2,0,2
287,-999.000,-999.000,139,10.0,-999.0,0.1,-999.0,0.1, 9.040,-84.172,2.6,0,1,0,1,2015-01-03T20:26:26.000003,-999.000,-999.000,-1,-1, 1, 0,1,0
288,-999.000,-999.000,138,3.0,-999.0,0.9,-999.0,0.9, 9.450,-83.936,3.8,0,1,0,1,2015-01-03T18:39:33.000002,-999.000,-999.000,-1,-1, 1, 0,1,0
289,-999.000,-999.000,490,32.0,-999.0,-999.0,-999.0,-999.0, 9.376,-83.686,2.7,1,0,1,0,2018-05-13T09:29:45.999998,-999.000,-999.000,-1,-1, 0, 1,0,1
290,-999.000,-999.000,491,16.0,-999.0,0.8,-999.0,0.8, 9.463,-84.851,3.4,0,1,0,1,2018-05-16T01:35:00.000002,-999.000,-999.000,-1,-1, 1, 0,1,0
291,-999.000,-999.000,492,30.0,0.9,-999.0,0.9,-999.0, 8.319,-82.780,3.9,1,0,1,0,2018-05-20T13:44:22.999998,-999.000,-999.000,-1,-1, 0, 1,0,1
292,-999.000,-999.000,493,28.0,-999.0,0.3,-999.0,0.3, 8.258,-82.795,3.5,0,2,0,2,2018-05-24T04:08:55.000000,-999.000,-999.000,-1,-1, 2, 0,2,0
293,-999.000,-999.000,24,11.0,0.9,1.0,0.9,1.0, 8.968,-84.163,4.7,12,8,13,8,2014-03-04T05:28:43.999998,-999.000,-999.000,1,1, 6, 9,6,8
294,-999.000,-999.000,25,15.0,1.4,-999.0,1.4,-999.0, 9.779,-85.718,5.2,7,0,7,0,2014-03-05T21:15:45.000004,-999.000,-999.000,1,1, 0, 1,0,1
295,-999.000,-999.000,26,27.0,-999.0,-999.0,-999.0,-999.0,10.552,-85.737,3.0,1,0,1,0,2014-03-10T00:41:24.000002,-999.000,-999.000,-1,-1, 0, 1,0,1
296,-999.000,-999.000,27,13.0,-999.0,0.4,-999.0,0.4, 9.010,-84.194,3.3,0,1,0,1,2014-03-10T07:23:40.000002,-999.000,-999.000,-1,-1, 1, 0,1,0
297,-999.000,-999.000,20,20.0,1.5,-999.0,1.5,-999.0, 9.470,-84.498,3.9,1,0,1,0,2014-02-27T20:42:09.999998,-999.000,-999.000,-1,-1, 0, 1,0,1
298,-999.000,-999.000,21,17.0,0.7,-999.0,0.7,-999.0, 8.194,-82.783,3.3,1,0,1,0,2014-03-02T05:51:13.000002,-999.000,-999.000,-1,-1, 0, 1,0,1
299,-999.000,-999.000,22,27.0,0.6,-999.0,0.6,-999.0, 8.989,-84.143,3.0,1,0,1,0,2014-02-28T01:16:25.999998,-999.000,-999.000,-1,-1, 0, 1,0,1
300,-999.000,-999.000,23,14.0,0.3,-999.0,0.3,-999.0, 9.374,-84.596,2.8,1,0,1,0,2014-03-03T07:54:18.000001,-999.000,-999.000,-1,-1, 0, 1,0,1
301,-999.000,-999.000,28,33.0,-999.0,0.2,-999.0,0.2, 9.434,-84.097,3.1,0,2,0,2,2014-03-13T20:31:22.999998,-999.000,-999.000,-1,-1, 2, 0,2,0
302,-999.000,-999.000,29,9.0,0.4,-999.0,0.4,-999.0, 9.511,-83.606,2.9,1,0,1,0,2014-03-14T07:27:01.000003,-999.000,-999.000,-1,-1, 0, 1,0,1
303,-999.000,-999.000,820,22.0,0.2,-999.0,0.2,-999.0, 8.139,-82.981,3.2,1,0,1,0,2020-05-30T21:53:17.000003,-999.000,-999.000,-1,-1, 0, 1,0,1
304,-999.000,-999.000,407,8.0,-999.0,0.7,-999.0,0.7, 8.629,-83.809,3.2,0,1,0,1,2017-11-16T14:23:24.000003,-999.000,-999.000,-1,-1, 1, 0,1,0
305,-999.000,-999.000,406,0.0,0.3,-999.0,0.3,-999.0, 8.857,-83.900,3.0,5,0,5,0,2017-11-14T11:03:44.999999,-999.000,-999.000,4,4, 0, 5,0,5
306,-999.000,-999.000,405,39.0,0.3,0.1,0.3,0.1, 8.785,-84.148,4.3,16,10,16,10,2017-11-15T21:47:59.999999,-999.000,-999.000,5,5, 10, 16,10,16
307,-999.000,-999.000,404,17.0,0.6,-999.0,0.6,-999.0, 9.454,-84.546,5.2,359,0,366,0,2017-11-13T02:32:28.999998,-999.000,-999.000,1,1, 0, 52,0,51
308,-999.000,-999.000,403,3.0,0.2,0.4,0.2,0.4, 9.954,-83.879,2.8,1,1,1,1,2017-11-11T04:12:52.999998,-999.000,-999.000,-1,-1, 1, 1,1,1
309,-999.000,-999.000,402,15.0,-999.0,-999.0,-999.0,0.7, 8.220,-82.799,3.8,0,0,0,1,2017-11-09T04:52:19.999998,-999.000,-999.000,-1,-1, 1, 0,0,0
310,-999.000,-999.000,401,12.0,-999.0,0.2,-999.0,0.2, 9.171,-83.960,3.0,0,1,0,1,2017-10-29T09:32:14.000003,-999.000,-999.000,-1,-1, 1, 0,1,0
311,-999.000,-999.000,400,15.0,1.0,1.1,1.0,1.1, 8.470,-83.158,3.8,2,2,2,2,2017-10-27T16:58:18.999997,-999.000,-999.000,1,1, 2, 2,2,2
312,-999.000,-999.000,933,25.0,0.2,-999.0,0.2,-999.0, 9.455,-83.684,2.7,1,0,1,0,2021-01-27T09:06:07.000000,-999.000,-999.000,-1,-1, 0, 1,0,1
313,-999.000,-999.000,932,8.0,-999.0,0.4,-999.0,0.4, 8.799,-84.042,3.0,0,3,0,3,2021-01-26T14:10:09.000002,-999.000,-999.000,5,5, 3, 0,3,0
314,-999.000,-999.000,931,22.0,0.6,-999.0,0.6,-999.0, 9.451,-84.806,3.4,4,0,4,0,2021-01-24T23:48:25.000001,-999.000,-999.000,1,1, 0, 4,0,4
315,-999.000,-999.000,930,32.0,0.3,-999.0,0.3,-999.0, 9.813,-84.936,2.7,1,0,1,0,2021-01-20T15:44:21.999999,-999.000,-999.000,-1,-1, 0, 1,0,1
316,-999.000,-999.000,937,40.0,0.1,0.1,0.1,0.1, 9.020,-84.178,3.1,1,1,1,1,2021-02-05T22:00:17.000002,-999.000,-999.000,-1,-1, 1, 1,1,1
317,-999.000,-999.000,452,20.0,0.4,-999.0,0.4,-999.0, 9.335,-83.371,3.0,2,0,2,0,2018-01-27T17:10:00.000002,-999.000,-999.000,-1,-1, 0, 2,0,2
318,-999.000,-999.000,409,16.0,-999.0,0.8,-999.0,0.8, 9.748,-84.616,3.2,0,1,0,1,2017-11-18T19:33:18.999998,-999.000,-999.000,-1,-1, 1, 0,1,0
319,-999.000,-999.000,408,1.0,0.7,0.1,0.7,0.1, 8.920,-84.148,4.4,4,2,4,2,2017-11-18T21:21:07.000001,-999.000,-999.000,2,2, 2, 4,2,4
320,-999.000,-999.000,453,4.0,0.2,0.2,0.2,0.2, 9.606,-83.840,3.0,3,1,3,1,2018-01-28T11:18:15.999998,-999.000,-999.000,5,5, 1, 3,1,3
321,-999.000,-999.000,414,11.0,-999.0,0.3,-999.0,0.3, 9.253,-84.486,2.8,0,1,0,1,2017-11-24T08:51:01.000000,-999.000,-999.000,-1,-1, 1, 0,1,0
322,-999.000,-999.000,455,15.0,0.1,-999.0,0.1,-999.0, 9.468,-84.656,2.8,1,0,1,0,2018-01-31T14:13:22.000003,-999.000,-999.000,-1,-1, 0, 1,0,1
323,-999.000,-999.000,183,5.0,0.3,-999.0,0.3,-999.0, 9.353,-82.681,3.5,1,0,1,0,2015-05-19T01:27:01.999998,-999.000,-999.000,-1,-1, 0, 1,0,1
324,-999.000,-999.000,415,15.0,0.4,-999.0,0.4,-999.0, 9.312,-84.696,2.8,1,0,1,0,2017-11-26T09:36:27.000000,-999.000,-999.000,-1,-1, 0, 1,0,1
325,-999.000,-999.000,379,16.0,-999.0,-999.0,-999.0,-999.0, 9.482,-84.498,3.1,1,0,1,0,2017-08-18T15:25:13.999998,-999.000,-999.000,-1,-1, 0, 1,0,1
326,-999.000,-999.000,378,24.0,-999.0,0.3,-999.0,0.3, 9.473,-84.540,2.9,0,1,0,1,2017-08-20T06:08:39.999997,-999.000,-999.000,-1,-1, 1, 0,1,0
327,-999.000,-999.000,228,33.0,0.4,-999.0,0.4,-999.0, 9.203,-84.077,3.2,1,0,1,0,2015-11-17T01:09:17.999998,-999.000,-999.000,-1,-1, 0, 1,0,1
328,-999.000,-999.000,829,21.0,1.6,-999.0,1.6,-999.0, 9.560,-84.750,4.0,2,0,2,0,2020-06-19T02:30:22.000000,-999.000,-999.000,-1,-1, 0, 2,0,2
329,-999.000,-999.000,828,17.0,-999.0,0.3,-999.0,0.3, 9.333,-84.120,2.9,0,1,0,1,2020-06-18T14:38:19.000000,-999.000,-999.000,-1,-1, 1, 0,1,0
330,-999.000,-999.000,371,4.0,0.5,-999.0,0.5,-999.0, 8.857,-84.159,3.3,2,0,2,0,2017-07-07T13:23:37.999997,-999.000,-999.000,-1,-1, 0, 2,0,2
331,-999.000,-999.000,370,18.0,0.1,-999.0,0.1,-999.0, 9.033,-84.134,2.6,1,0,1,0,2017-06-23T12:02:08.999997,-999.000,-999.000,-1,-1, 0, 1,0,1
332,-999.000,-999.000,373,1.0,-999.0,-999.0,-999.0,-999.0,10.207,-84.239,2.4,1,0,1,0,2017-07-09T07:56:28.000003,-999.000,-999.000,-1,-1, 0, 1,0,1
333,-999.000,-999.000,372,15.0,-999.0,0.6,-999.0,0.6, 8.899,-84.100,3.2,0,1,0,1,2017-07-08T07:15:34.000002,-999.000,-999.000,-1,-1, 1, 0,1,0
334,-999.000,-999.000,375,0.0,1.5,-999.0,1.5,-999.0, 8.926,-84.060,3.9,1,0,1,0,2017-07-22T00:26:20.000003,-999.000,-999.000,-1,-1, 0, 1,0,1
335,-999.000,-999.000,374,3.0,1.5,0.3,1.5,0.3,10.204,-84.229,3.9,1,2,1,2,2017-07-21T01:32:39.000003,-999.000,-999.000,2,2, 2, 1,2,1
336,-999.000,-999.000,377,22.0,1.7,-999.0,1.7,-999.0, 9.648,-84.841,4.2,1,0,1,0,2017-08-13T21:53:42.000003,-999.000,-999.000,-1,-1, 0, 1,0,1
337,-999.000,-999.000,376,23.0,1.4,-999.0,1.4,-999.0, 9.659,-84.875,4.0,1,0,1,0,2017-07-30T12:32:31.999999,-999.000,-999.000,-1,-1, 0, 1,0,1
338,-999.000,-999.000,1083,18.0,0.2,-999.0,0.2,-999.0, 9.541,-84.814,2.6,1,0,1,0,2021-08-26T13:02:10.000001,-999.000,-999.000,-1,-1, 0, 1,0,1
339,-999.000,-999.000,708,9.0,-999.0,0.3,-999.0,0.3, 8.975,-84.237,2.8,0,2,0,2,2019-11-02T06:38:38.999999,-999.000,-999.000,-1,-1, 2, 0,2,0
340,-999.000,-999.000,709,21.0,0.9,-999.0,0.9,-999.0, 8.438,-83.162,3.9,2,0,2,0,2019-11-03T04:45:00.000002,-999.000,-999.000,-1,-1, 0, 2,0,2
341,-999.000,-999.000,704,15.0,1.1,-999.0,1.1,-999.0, 9.707,-82.805,3.9,1,0,1,0,2019-10-21T18:30:24.000001,-999.000,-999.000,-1,-1, 0, 1,0,1
342,-999.000,-999.000,705,24.0,-999.0,0.1,-999.0,0.1,10.747,-85.935,2.5,0,1,0,1,2019-10-22T15:17:29.000003,-999.000,-999.000,-1,-1, 1, 0,1,0
343,-999.000,-999.000,706,16.0,1.4,1.1,1.1,1.1, 8.912,-84.064,4.1,1,6,3,6,2019-10-22T20:20:59.999999,-999.000,-999.000,1,1, 6, 3,6,1
344,-999.000,-999.000,707,18.0,1.0,-999.0,1.0,-999.0, 8.920,-82.900,3.9,1,0,1,0,2019-10-12T11:58:28.999999,-999.000,-999.000,-1,-1, 0, 1,0,1
345,-999.000,-999.000,700,20.0,0.3,-999.0,0.3,-999.0, 9.600,-84.903,2.8,1,0,1,0,2019-10-09T21:21:27.000003,-999.000,-999.000,-1,-1, 0, 1,0,1
346,-999.000,-999.000,618,58.0,0.2,-999.0,0.2,-999.0, 9.629,-84.017,2.8,1,0,1,0,2019-03-25T22:19:36.999996,-999.000,-999.000,-1,-1, 0, 1,0,1
347,-999.000,-999.000,702,24.0,0.8,-999.0,0.8,-999.0, 8.628,-83.235,3.4,1,0,1,0,2019-09-23T04:23:17.999998,-999.000,-999.000,-1,-1, 0, 1,0,1
348,-999.000,-999.000,703,23.0,1.2,-999.0,1.2,-999.0, 8.489,-82.841,4.6,1,0,1,0,2019-10-02T12:52:50.999999,-999.000,-999.000,-1,-1, 0, 1,0,1
349,-999.000,-999.000,393,49.0,1.0,-999.0,1.0,-999.0, 9.746,-84.297,3.6,1,0,1,0,2017-09-29T16:19:52.000003,-999.000,-999.000,-1,-1, 0, 1,0,1
350,-999.000,-999.000,392,10.0,0.3,-999.0,0.3,-999.0, 8.618,-83.599,3.2,1,0,1,0,2017-09-29T07:55:51.000002,-999.000,-999.000,-1,-1, 0, 1,0,1
351,-999.000,-999.000,88,2.0,-999.0,0.6,1.0,0.6, 8.978,-84.174,3.4,0,1,1,1,2014-08-26T05:37:40.999999,-999.000,-999.000,-1,-1, 1, 1,1,0
352,-999.000,-999.000,619,26.0,-999.0,0.3,-999.0,0.3, 8.782,-84.151,2.8,0,1,0,1,2019-03-30T06:08:02.999999,-999.000,-999.000,-1,-1, 1, 0,1,0
353,-999.000,-999.000,397,5.0,0.6,-999.0,0.6,-999.0, 8.790,-83.644,3.9,2,0,2,0,2017-10-11T15:06:06.999999,-999.000,-999.000,-1,-1, 0, 2,0,2
354,-999.000,-999.000,396,8.0,1.0,0.1,1.0,0.1, 8.878,-84.257,3.6,2,2,2,2,2017-10-05T02:00:31.000001,-999.000,-999.000,2,2, 2, 2,2,2
355,-999.000,-999.000,395,31.0,0.6,-999.0,0.6,-999.0, 8.224,-82.854,3.8,1,0,1,0,2017-09-30T20:39:03.000001,-999.000,-999.000,-1,-1, 0, 1,0,1
356,-999.000,-999.000,394,31.0,-999.0,0.8,-999.0,0.8, 8.256,-82.811,3.3,0,1,0,1,2017-10-01T17:56:37.000003,-999.000,-999.000,-1,-1, 1, 0,1,0
357,-999.000,-999.000,82,15.0,0.8,-999.0,0.8,-999.0, 9.665,-84.745,3.3,1,0,1,0,2014-08-04T10:10:17.999998,-999.000,-999.000,-1,-1, 0, 1,0,1
358,-999.000,-999.000,83,22.0,2.1,-999.0,2.1,-999.0, 9.652,-84.198,4.9,4,0,4,0,2014-08-07T08:50:02.000003,-999.000,-999.000,1,1, 0, 0,0,0
359,-999.000,-999.000,80,8.0,0.2,-999.0,0.2,-999.0, 8.391,-82.954,3.4,1,0,1,0,2014-08-03T16:29:41.000000,-999.000,-999.000,-1,-1, 0, 1,0,1
360,-999.000,-999.000,81,9.0,1.3,0.5,1.3,0.5, 9.353,-84.552,3.9,1,1,1,1,2014-08-07T19:44:43.000000,-999.000,-999.000,-1,-1, 1, 1,1,1
361,-999.000,-999.000,86,3.0,-999.0,-999.0,1.7,-999.0, 9.505,-83.644,4.1,0,0,1,0,2014-02-15T13:00:16.999997,-999.000,-999.000,-1,-1, 0, 1,0,0
362,-999.000,-999.000,87,44.0,-999.0,1.1,-999.0,1.1, 9.293,-83.936,3.6,0,1,0,1,2014-08-21T03:49:16.000003,-999.000,-999.000,-1,-1, 1, 0,1,0
363,-999.000,-999.000,84,25.0,1.4,-999.0,1.4,-999.0, 9.625,-84.869,4.3,3,0,3,0,2014-08-10T15:57:37.000001,-999.000,-999.000,1,1, 0, 3,0,3
364,-999.000,-999.000,85,9.0,0.5,-999.0,0.5,-999.0, 8.184,-82.845,3.2,1,0,1,0,2014-08-11T19:17:35.000002,-999.000,-999.000,-1,-1, 0, 1,0,1
365,-999.000,-999.000,797,7.0,0.4,-999.0,0.4,-999.0, 8.790,-84.102,3.2,3,0,3,0,2020-03-25T02:13:33.999997,-999.000,-999.000,5,5, 0, 3,0,3
366,-999.000,-999.000,796,26.0,0.3,-999.0,0.3,-999.0, 8.382,-82.880,3.2,1,0,1,0,2020-03-25T03:23:14.000002,-999.000,-999.000,-1,-1, 0, 1,0,1
367,-999.000,-999.000,795,22.0,-999.0,0.1,-999.0,0.1, 8.855,-83.171,2.6,0,1,0,1,2020-03-24T12:50:38.000003,-999.000,-999.000,-1,-1, 1, 0,1,0
368,-999.000,-999.000,794,4.0,0.1,-999.0,0.1,-999.0, 9.428,-83.669,3.1,3,0,3,0,2020-03-16T10:59:45.999998,-999.000,-999.000,2,2, 0, 3,0,3
369,-999.000,-999.000,793,16.0,0.2,-999.0,0.2,-999.0, 9.078,-84.138,3.0,1,0,1,0,2020-03-18T02:54:57.999997,-999.000,-999.000,-1,-1, 0, 1,0,1
370,-999.000,-999.000,792,17.0,0.5,-999.0,0.5,-999.0, 9.533,-84.819,3.0,1,0,1,0,2020-03-17T11:35:18.000002,-999.000,-999.000,-1,-1, 0, 1,0,1
371,-999.000,-999.000,791,57.0,-999.0,0.1,-999.0,0.1, 8.919,-83.334,2.5,0,1,0,1,2020-03-14T15:24:15.999998,-999.000,-999.000,-1,-1, 1, 0,1,0
372,-999.000,-999.000,790,22.0,1.5,-999.0,1.5,-999.0, 8.265,-82.809,5.3,5,0,6,0,2020-03-13T04:46:38.000003,-999.000,-999.000,1,1, 0, 2,0,2
373,-999.000,-999.000,749,37.0,1.6,0.6,1.6,0.6, 8.300,-82.799,4.6,2,1,2,1,2019-12-31T23:10:23.999997,-999.000,-999.000,1,1, 1, 2,1,2
374,-999.000,-999.000,799,23.0,0.8,-999.0,0.8,-999.0, 8.692,-83.277,3.8,1,0,1,0,2020-02-01T07:29:03.000000,-999.000,-999.000,-1,-1, 0, 1,0,1
375,-999.000,-999.000,798,15.0,0.3,-999.0,0.3,-999.0, 8.761,-84.152,2.9,1,0,1,0,2020-03-27T03:44:32.999999,-999.000,-999.000,-1,-1, 0, 1,0,1
376,-999.000,-999.000,7,40.0,0.4,-999.0,0.4,-999.0, 9.516,-84.129,4.8,11,0,11,0,2014-01-30T01:40:42.999999,-999.000,-999.000,2,2, 0, 4,0,4
377,-999.000,-999.000,170,13.0,0.4,0.1,0.4,0.1, 8.303,-82.842,3.5,2,3,2,3,2015-04-12T20:42:10.999999,-999.000,-999.000,4,4, 3, 2,3,2
378,-999.000,-999.000,586,18.0,0.2,0.1,0.2,0.1, 9.365,-84.626,3.1,1,1,1,1,2018-12-21T08:38:10.000002,-999.000,-999.000,-1,-1, 1, 1,1,1
379,-999.000,-999.000,587,15.0,0.3,-999.0,0.3,-999.0, 9.486,-84.451,2.7,1,0,1,0,2018-12-24T01:14:14.999998,-999.000,-999.000,-1,-1, 0, 1,0,1
380,-999.000,-999.000,584,36.0,-999.0,0.4,-999.0,0.4, 8.214,-82.935,3.7,0,1,0,1,2018-12-14T16:06:37.000003,-999.000,-999.000,-1,-1, 1, 0,1,0
381,-999.000,-999.000,585,23.0,0.6,-999.0,0.6,-999.0, 8.597,-83.684,3.1,1,0,1,0,2018-12-18T23:18:05.000003,-999.000,-999.000,-1,-1, 0, 1,0,1
382,-999.000,-999.000,582,8.0,2.1,-999.0,2.1,-999.0,10.156,-83.900,4.8,1,0,1,0,2018-11-17T14:12:51.999998,-999.000,-999.000,-1,-1, 0, 0,0,0
383,-999.000,-999.000,583,5.0,-999.0,-999.0,-999.0,-999.0, 9.754,-83.969,3.8,8,0,8,0,2018-12-03T16:59:16.000001,-999.000,-999.000,2,2, 0, 8,0,8
384,-999.000,-999.000,580,0.0,-999.0,-999.0,-999.0,-999.0,10.068,-83.724,2.4,0,0,1,0,2018-08-28T23:43:34.000000,-999.000,-999.000,-1,-1, 0, 1,0,0
385,-999.000,-999.000,581,23.0,-999.0,-999.0,-999.0,-999.0, 9.494,-83.886,2.5,1,0,1,0,2018-11-17T05:24:52.000000,-999.000,-999.000,-1,-1, 0, 1,0,1
386,-999.000,-999.000,588,0.0,-999.0,0.4,-999.0,0.4, 8.883,-84.114,2.8,0,1,0,1,2018-12-31T04:09:54.000000,-999.000,-999.000,-1,-1, 1, 0,1,0
387,-999.000,-999.000,589,26.0,0.2,-999.0,0.2,-999.0, 8.420,-82.867,2.8,1,0,1,0,2018-12-31T15:52:38.000000,-999.000,-999.000,-1,-1, 0, 1,0,1
388,-999.000,-999.000,245,28.0,0.3,-999.0,0.3,-999.0, 8.169,-82.763,3.6,1,0,1,0,2015-12-25T00:25:44.999999,-999.000,-999.000,-1,-1, 0, 1,0,1
389,-999.000,-999.000,244,31.0,1.1,-999.0,1.1,-999.0, 9.469,-83.784,4.5,3,0,3,0,2016-01-18T00:46:20.000003,-999.000,-999.000,1,1, 0, 3,0,3
390,-999.000,-999.000,247,7.0,0.2,-999.0,0.2,-999.0, 9.790,-83.810,3.5,1,0,1,0,2016-01-23T08:09:33.999997,-999.000,-999.000,-1,-1, 0, 1,0,1
391,-999.000,-999.000,246,15.0,1.1,0.2,1.1,0.2, 8.891,-84.080,4.1,4,2,5,2,2016-01-24T01:20:21.000001,-999.000,-999.000,2,2, 2, 5,2,4
392,-999.000,-999.000,241,17.0,1.1,-999.0,1.1,1.3, 8.992,-84.171,4.2,2,0,2,1,2016-01-16T20:21:26.000002,-999.000,-999.000,1,-1, 1, 2,0,2
393,-999.000,-999.000,614,20.0,0.8,-999.0,0.8,-999.0, 9.441,-82.928,3.3,1,0,1,0,2019-03-25T00:46:05.000002,-999.000,-999.000,-1,-1, 0, 1,0,1
394,-999.000,-999.000,243,14.0,0.3,-999.0,0.3,-999.0, 8.110,-82.800,2.9,1,0,1,0,2016-01-17T16:12:53.000000,-999.000,-999.000,-1,-1, 0, 1,0,1
395,-999.000,-999.000,242,12.0,0.6,-999.0,0.6,-999.0, 8.673,-83.237,3.7,1,0,1,0,2016-01-16T23:08:42.000002,-999.000,-999.000,-1,-1, 0, 1,0,1
396,-999.000,-999.000,615,13.0,0.2,-999.0,0.2,-999.0, 9.441,-84.369,3.1,1,0,1,0,2019-03-25T23:48:10.999997,-999.000,-999.000,-1,-1, 0, 1,0,1
397,-999.000,-999.000,249,35.0,0.5,-999.0,0.5,-999.0, 8.244,-82.753,3.5,1,0,1,0,2016-01-29T01:38:55.999997,-999.000,-999.000,-1,-1, 0, 1,0,1
398,-999.000,-999.000,248,12.0,0.5,-999.0,0.5,-999.0, 9.364,-82.846,3.4,1,0,1,0,2016-01-24T22:30:51.000001,-999.000,-999.000,-1,-1, 0, 1,0,1
399,-999.000,-999.000,972,15.0,0.5,-999.0,0.5,-999.0, 9.454,-83.581,3.0,1,0,1,0,2021-03-09T19:36:34.999999,-999.000,-999.000,-1,-1, 0, 1,0,1
400,-999.000,-999.000,418,15.0,1.3,-999.0,1.3,-999.0, 9.331,-84.790,4.1,2,0,2,0,2017-11-27T09:11:31.000002,-999.000,-999.000,-1,-1, 0, 2,0,2
401,-999.000,-999.000,224,31.0,1.7,-999.0,1.7,-999.0, 8.321,-82.800,4.7,1,0,2,0,2015-10-31T20:22:15.999998,-999.000,-999.000,-1,-1, 0, 2,0,1
402,-999.000,-999.000,419,11.0,-999.0,-999.0,-999.0,-999.0, 9.247,-84.312,2.4,1,0,1,0,2017-11-29T18:29:00.000000,-999.000,-999.000,-1,-1, 0, 1,0,1
403,-999.000,-999.000,519,18.0,0.4,-999.0,0.4,-999.0, 9.678,-84.150,3.0,1,0,1,0,2018-07-12T02:11:04.000003,-999.000,-999.000,-1,-1, 0, 1,0,1
404,-999.000,-999.000,518,30.0,0.1,-999.0,0.1,-999.0, 9.187,-83.886,3.0,2,0,2,0,2018-07-07T03:28:28.000000,-999.000,-999.000,-1,-1, 0, 2,0,2
405,-999.000,-999.000,1009,21.0,0.2,0.2,0.2,0.2, 9.528,-84.818,3.0,1,2,1,2,2021-04-27T19:26:17.999997,-999.000,-999.000,4,4, 2, 1,2,1
406,-999.000,-999.000,1008,8.0,0.1,0.3,0.1,0.3, 9.346,-84.522,2.9,1,1,1,1,2021-04-25T19:45:32.000003,-999.000,-999.000,-1,-1, 1, 1,1,1
407,-999.000,-999.000,1007,19.0,-999.0,-999.0,-999.0,-999.0, 8.250,-82.772,3.3,1,0,1,0,2021-04-23T20:05:20.000003,-999.000,-999.000,-1,-1, 0, 1,0,1
408,-999.000,-999.000,1006,48.0,0.9,-999.0,0.9,-999.0, 8.409,-82.999,3.4,1,0,1,0,2021-04-23T18:02:53.000000,-999.000,-999.000,-1,-1, 0, 1,0,1
409,-999.000,-999.000,1005,18.0,0.2,-999.0,0.2,-999.0, 9.472,-84.436,2.8,1,0,1,0,2021-04-22T08:38:18.999997,-999.000,-999.000,-1,-1, 0, 1,0,1
410,-999.000,-999.000,1004,16.0,-999.0,-999.0,-999.0,-999.0, 9.329,-84.117,2.5,1,0,1,0,2021-04-21T14:23:24.000000,-999.000,-999.000,-1,-1, 0, 1,0,1
411,-999.000,-999.000,515,4.0,0.3,-999.0,0.3,-999.0, 9.797,-83.381,2.9,1,0,1,0,2018-07-05T03:32:32.000002,-999.000,-999.000,-1,-1, 0, 1,0,1
412,-999.000,-999.000,1002,28.0,1.3,-999.0,1.3,1.2, 9.039,-84.034,3.7,1,0,1,1,2021-04-17T17:19:13.999998,-999.000,-999.000,-1,-1, 1, 1,0,1
413,-999.000,-999.000,517,3.0,0.3,-999.0,0.3,-999.0,10.501,-84.518,2.8,1,0,1,0,2018-07-06T12:10:11.999997,-999.000,-999.000,-1,-1, 0, 1,0,1
414,-999.000,-999.000,1000,2.0,0.7,-999.0,0.7,-999.0,10.594,-85.269,3.1,1,0,1,0,2021-04-17T02:35:31.000000,-999.000,-999.000,-1,-1, 0, 1,0,1
415,-999.000,-999.000,623,9.0,-999.0,-999.0,-999.0,-999.0, 9.342,-83.267,3.8,10,0,10,0,2019-04-03T05:28:38.000002,-999.000,-999.000,2,2, 0, 10,0,10
416,-999.000,-999.000,622,6.0,0.8,-999.0,0.8,-999.0, 9.389,-83.309,3.7,2,0,2,0,2019-04-02T13:42:30.000000,-999.000,-999.000,-1,-1, 0, 2,0,2
417,-999.000,-999.000,621,14.0,1.1,-999.0,1.1,-999.0, 9.524,-82.620,5.4,10,0,10,0,2019-04-01T13:44:47.000000,-999.000,-999.000,1,1, 0, 3,0,3
418,-999.000,-999.000,514,6.0,0.1,-999.0,0.1,-999.0, 9.510,-83.652,2.9,1,0,1,0,2018-07-02T22:37:51.000000,-999.000,-999.000,-1,-1, 0, 1,0,1
419,-999.000,-999.000,627,9.0,0.3,0.5,0.3,0.5, 9.075,-84.183,3.1,2,1,2,1,2019-04-06T04:49:07.999997,-999.000,-999.000,5,5, 1, 2,1,2
420,-999.000,-999.000,626,48.0,-999.0,0.1,-999.0,0.1, 9.499,-84.327,2.7,0,1,0,1,2019-04-05T20:48:00.000001,-999.000,-999.000,-1,-1, 1, 0,1,0
421,-999.000,-999.000,625,17.0,-999.0,-999.0,-999.0,-999.0, 8.961,-84.207,3.9,10,2,10,2,2019-04-06T17:20:03.999998,-999.000,-999.000,4,4, 2, 10,2,10
422,-999.000,-999.000,624,9.0,-999.0,0.8,-999.0,0.8, 9.748,-83.908,3.4,0,1,0,1,2019-04-04T19:20:46.000001,-999.000,-999.000,-1,-1, 1, 0,1,0
423,-999.000,-999.000,450,17.0,-999.0,0.2,-999.0,0.2,10.587,-84.779,2.7,0,1,0,1,2018-01-24T22:04:01.000000,-999.000,-999.000,-1,-1, 1, 0,1,0
424,-999.000,-999.000,451,17.0,0.9,0.8,0.5,0.8, 9.722,-84.769,3.3,1,1,2,1,2018-01-27T06:54:54.000002,-999.000,-999.000,1,-1, 1, 2,1,1
425,-999.000,-999.000,629,13.0,0.2,-999.0,0.2,-999.0, 9.011,-84.180,3.5,3,0,3,0,2019-04-07T15:07:35.000003,-999.000,-999.000,3,3, 0, 3,0,3
426,-999.000,-999.000,628,18.0,1.5,-999.0,1.5,-999.0, 8.934,-84.277,4.3,2,0,2,0,2019-04-06T14:11:55.000001,-999.000,-999.000,-1,-1, 0, 2,0,2
427,-999.000,-999.000,454,26.0,0.9,-999.0,0.9,-999.0, 8.683,-83.347,3.6,1,0,1,0,2018-01-28T16:30:25.999996,-999.000,-999.000,-1,-1, 0, 1,0,1
428,-999.000,-999.000,593,28.0,1.1,-999.0,1.1,-999.0, 9.323,-84.222,4.3,1,0,1,0,2019-01-16T01:41:30.999997,-999.000,-999.000,-1,-1, 0, 1,0,1
429,-999.000,-999.000,456,16.0,2.0,-999.0,1.9,-999.0, 9.479,-84.575,4.5,1,0,2,0,2018-02-06T21:39:19.000002,-999.000,-999.000,-1,-1, 0, 2,0,1
430,-999.000,-999.000,457,24.0,1.0,-999.0,1.0,-999.0, 8.015,-82.979,4.5,1,0,1,0,2018-02-07T05:52:46.000002,-999.000,-999.000,-1,-1, 0, 1,0,1
431,-999.000,-999.000,1084,23.0,0.1,-999.0,0.1,-999.0, 9.579,-84.783,2.8,1,0,1,0,2021-08-27T15:41:17.000003,-999.000,-999.000,-1,-1, 0, 1,0,1
432,-999.000,-999.000,179,25.0,0.7,-999.0,0.7,-999.0, 8.447,-83.127,3.1,1,0,1,0,2015-05-08T22:27:46.000002,-999.000,-999.000,-1,-1, 0, 1,0,1
433,-999.000,-999.000,178,4.0,0.3,-999.0,0.3,-999.0, 9.588,-83.808,3.0,1,0,1,0,2015-05-02T20:04:42.000001,-999.000,-999.000,-1,-1, 0, 1,0,1
434,-999.000,-999.000,177,12.0,1.6,-999.0,1.6,-999.0, 8.168,-82.872,4.2,2,0,2,0,2015-05-07T07:30:24.000004,-999.000,-999.000,-1,-1, 0, 2,0,2
435,-999.000,-999.000,199,22.0,0.6,-999.0,0.6,-999.0, 8.471,-83.117,5.1,13,0,13,0,2015-07-10T11:46:03.999997,-999.000,-999.000,1,1, 0, 4,0,4
436,-999.000,-999.000,175,0.0,0.1,-999.0,0.1,-999.0, 8.995,-83.976,2.5,1,0,1,0,2015-04-28T09:20:21.000003,-999.000,-999.000,-1,-1, 0, 1,0,1
437,-999.000,-999.000,174,18.0,0.1,0.4,0.1,0.4, 9.298,-84.151,3.0,1,1,1,1,2015-04-26T11:41:57.000003,-999.000,-999.000,-1,-1, 1, 1,1,1
438,-999.000,-999.000,173,25.0,0.5,-999.0,0.5,-999.0, 9.156,-83.883,2.9,1,0,1,0,2015-04-24T14:55:51.999999,-999.000,-999.000,-1,-1, 0, 1,0,1
439,-999.000,-999.000,172,7.0,0.2,-999.0,0.2,-999.0, 9.594,-83.691,2.9,1,0,1,0,2015-04-21T01:15:12.000000,-999.000,-999.000,-1,-1, 0, 1,0,1
440,-999.000,-999.000,171,58.0,1.9,-999.0,1.9,-999.0, 9.602,-84.022,4.9,4,0,4,0,2015-04-18T23:33:01.999997,-999.000,-999.000,1,1, 0, 1,0,1
441,-999.000,-999.000,594,21.0,-999.0,0.1,-999.0,0.1, 9.386,-84.481,2.8,0,2,0,2,2019-01-20T19:55:05.999998,-999.000,-999.000,-1,-1, 2, 0,2,0
442,-999.000,-999.000,977,20.0,-999.0,-999.0,-999.0,-999.0, 9.513,-84.696,2.7,1,0,1,0,2021-03-16T20:43:20.999998,-999.000,-999.000,-1,-1, 0, 1,0,1
443,-999.000,-999.000,182,2.0,-999.0,0.3,-999.0,0.3, 9.393,-84.403,3.1,0,1,0,1,2015-05-10T23:05:59.999999,-999.000,-999.000,-1,-1, 1, 0,1,0
444,-999.000,-999.000,975,17.0,1.4,-999.0,1.4,-999.0, 9.153,-83.965,3.8,1,0,1,0,2021-03-14T21:35:57.000002,-999.000,-999.000,-1,-1, 0, 1,0,1
445,-999.000,-999.000,974,15.0,0.1,-999.0,0.1,-999.0, 8.208,-82.764,2.9,1,0,1,0,2021-03-14T01:42:09.000002,-999.000,-999.000,-1,-1, 0, 1,0,1
446,-999.000,-999.000,973,47.0,-999.0,0.3,-999.0,0.3, 9.144,-84.151,2.8,0,1,0,1,2021-03-11T12:56:44.000002,-999.000,-999.000,-1,-1, 1, 0,1,0
447,-999.000,-999.000,1081,12.0,-999.0,-999.0,-999.0,0.4, 8.924,-84.091,2.8,0,0,0,1,2021-08-21T16:26:43.999997,-999.000,-999.000,-1,-1, 1, 0,0,0
448,-999.000,-999.000,971,20.0,1.8,-999.0,1.8,-999.0, 9.020,-84.067,4.7,6,0,6,0,2021-03-08T09:10:15.000002,-999.000,-999.000,1,1, 0, 2,0,2
449,-999.000,-999.000,970,8.0,0.9,-999.0,0.9,-999.0, 9.414,-84.332,3.3,1,0,1,0,2021-03-08T01:42:47.999999,-999.000,-999.000,-1,-1, 0, 1,0,1
450,-999.000,-999.000,1080,28.0,0.7,1.4,0.7,1.4, 9.186,-83.844,4.0,2,1,2,1,2021-08-20T13:00:02.000001,-999.000,-999.000,1,1, 1, 2,1,2
451,-999.000,-999.000,180,0.0,-999.0,-999.0,-999.0,-999.0, 8.913,-84.105,3.2,2,0,3,0,2015-04-28T10:09:40.000002,-999.000,-999.000,5,-1, 0, 3,0,2
452,-999.000,-999.000,979,17.0,-999.0,1.0,-999.0,1.0, 9.436,-84.653,4.0,0,1,0,1,2021-03-18T15:39:25.000003,-999.000,-999.000,-1,-1, 1, 0,1,0
453,-999.000,-999.000,978,31.0,-999.0,-999.0,-999.0,-999.0, 9.506,-84.123,2.8,2,1,2,1,2021-03-17T22:07:32.000003,-999.000,-999.000,4,4, 1, 2,1,2
454,-999.000,-999.000,656,28.0,0.5,-999.0,0.5,-999.0, 9.147,-83.947,3.4,1,0,1,0,2019-06-10T02:04:06.000004,-999.000,-999.000,-1,-1, 0, 1,0,1
455,-999.000,-999.000,599,15.0,-999.0,0.1,-999.0,0.1, 9.052,-84.130,2.5,0,1,0,1,2019-02-06T10:13:01.000002,-999.000,-999.000,-1,-1, 1, 0,1,0
456,-999.000,-999.000,654,17.0,0.2,-999.0,0.2,-999.0, 8.679,-83.264,2.6,1,0,1,0,2019-06-05T02:46:45.000001,-999.000,-999.000,-1,-1, 0, 1,0,1
457,-999.000,-999.000,181,23.0,-999.0,-999.0,-999.0,-999.0, 8.485,-83.169,2.4,1,0,1,0,2015-05-09T15:35:17.000000,-999.000,-999.000,-1,-1, 0, 1,0,1
458,-999.000,-999.000,186,22.0,-999.0,0.6,-999.0,0.6, 9.102,-83.835,3.2,0,1,0,1,2015-05-24T21:09:39.999997,-999.000,-999.000,-1,-1, 1, 0,1,0
459,-999.000,-999.000,187,31.0,2.1,-999.0,2.1,-999.0, 9.313,-84.453,4.5,1,0,1,0,2015-05-25T23:49:23.999997,-999.000,-999.000,-1,-1, 0, 0,0,0
460,-999.000,-999.000,184,10.0,-999.0,0.6,-999.0,0.6, 9.320,-82.739,3.3,0,1,0,1,2015-05-21T01:29:35.000000,-999.000,-999.000,-1,-1, 1, 0,1,0
461,-999.000,-999.000,185,4.0,0.1,-999.0,0.1,-999.0, 9.379,-82.889,2.7,1,0,1,0,2015-05-20T15:57:48.000000,-999.000,-999.000,-1,-1, 0, 1,0,1
462,-999.000,-999.000,652,3.0,1.9,-999.0,1.9,-999.0, 9.573,-82.773,4.5,1,0,1,0,2019-06-01T18:07:39.000001,-999.000,-999.000,-1,-1, 0, 1,0,1
463,-999.000,-999.000,188,3.0,1.2,1.2,1.2,1.2, 9.959,-83.885,3.8,3,2,3,2,2015-05-26T02:50:26.999998,-999.000,-999.000,1,1, 2, 3,2,3
464,-999.000,-999.000,189,12.0,1.4,-999.0,1.4,-999.0, 8.880,-84.050,4.0,4,0,4,0,2015-05-31T00:20:19.000000,-999.000,-999.000,1,1, 0, 4,0,4
465,-999.000,-999.000,658,17.0,0.4,-999.0,0.4,-999.0, 8.655,-83.337,3.0,1,0,1,0,2019-06-15T10:40:00.000000,-999.000,-999.000,-1,-1, 0, 1,0,1
466,-999.000,-999.000,516,9.0,0.7,-999.0,0.7,-999.0,10.216,-84.167,3.1,1,0,1,0,2018-07-06T01:08:08.000000,-999.000,-999.000,-1,-1, 0, 1,0,1
467,-999.000,-999.000,650,26.0,0.6,-999.0,0.6,-999.0, 9.167,-83.886,3.0,1,0,1,0,2019-05-28T13:05:30.999998,-999.000,-999.000,-1,-1, 0, 1,0,1
468,-999.000,-999.000,651,25.0,1.0,-999.0,1.0,-999.0, 9.463,-84.635,3.7,1,0,1,0,2019-05-28T20:57:04.999997,-999.000,-999.000,-1,-1, 0, 1,0,1
469,-999.000,-999.000,1089,35.0,0.1,-999.0,0.1,-999.0, 8.817,-83.099,2.7,1,0,1,0,2021-09-07T23:46:43.999997,-999.000,-999.000,-1,-1, 0, 1,0,1
470,-999.000,-999.000,1088,17.0,-999.0,-999.0,-999.0,0.3, 9.736,-85.012,2.7,0,0,0,1,2021-09-07T09:16:07.999998,-999.000,-999.000,-1,-1, 1, 0,0,0
471,-999.000,-999.000,11,13.0,-999.0,1.2,-999.0,1.2, 9.478,-84.504,3.6,0,1,0,1,2014-02-09T18:33:05.000001,-999.000,-999.000,-1,-1, 1, 0,1,0
472,-999.000,-999.000,10,16.0,0.7,-999.0,0.7,-999.0,10.092,-85.654,3.3,1,0,1,0,2014-02-07T08:25:19.999997,-999.000,-999.000,-1,-1, 0, 1,0,1
473,-999.000,-999.000,13,24.0,0.5,-999.0,0.5,-999.0, 9.512,-84.390,3.3,1,0,1,0,2014-02-06T17:20:18.000000,-999.000,-999.000,-1,-1, 0, 1,0,1
474,-999.000,-999.000,12,56.0,1.1,-999.0,1.1,-999.0, 8.811,-82.957,4.0,1,0,1,0,2014-02-06T23:46:56.000002,-999.000,-999.000,-1,-1, 0, 1,0,1
475,-999.000,-999.000,15,0.0,1.1,-999.0,1.1,-999.0, 8.882,-83.014,3.6,1,0,1,0,2014-02-16T07:56:01.000002,-999.000,-999.000,-1,-1, 0, 1,0,1
476,-999.000,-999.000,14,17.0,0.6,-999.0,0.6,-999.0, 9.151,-84.103,3.5,1,0,1,0,2014-02-11T10:14:48.000003,-999.000,-999.000,-1,-1, 0, 1,0,1
477,-999.000,-999.000,17,18.0,0.2,-999.0,0.2,-999.0, 9.127,-84.134,3.3,3,0,3,0,2014-02-17T11:10:53.000002,-999.000,-999.000,5,5, 0, 3,0,3
478,-999.000,-999.000,16,20.0,1.3,-999.0,1.3,-999.0, 9.426,-84.680,4.8,3,0,4,0,2014-02-16T19:21:55.999997,-999.000,-999.000,1,1, 0, 1,0,1
479,-999.000,-999.000,19,10.0,-999.0,0.1,-999.0,0.1, 9.770,-85.587,3.1,0,1,0,1,2014-02-28T13:05:41.000000,-999.000,-999.000,-1,-1, 1, 0,1,0
480,-999.000,-999.000,18,18.0,0.2,-999.0,0.2,-999.0, 9.633,-85.115,3.1,1,0,1,0,2014-02-27T23:00:15.999997,-999.000,-999.000,-1,-1, 0, 1,0,1
481,-999.000,-999.000,863,3.0,0.7,0.1,0.7,0.1, 8.417,-83.057,3.6,1,1,1,1,2020-09-03T10:28:03.000001,-999.000,-999.000,-1,-1, 1, 1,1,1
482,-999.000,-999.000,862,9.0,0.4,0.1,0.4,0.1, 8.269,-82.963,5.6,142,25,145,25,2020-09-04T17:46:41.000001,-999.000,-999.000,5,5, 6, 25,6,25
483,-999.000,-999.000,865,19.0,0.7,1.0,0.7,1.0, 9.589,-84.125,3.6,1,1,1,1,2020-09-04T08:20:45.000003,-999.000,-999.000,-1,-1, 1, 1,1,1
484,-999.000,-999.000,867,7.0,-999.0,0.3,-999.0,0.3, 9.079,-84.153,3.1,0,1,0,1,2020-09-07T14:24:11.000001,-999.000,-999.000,-1,-1, 1, 0,1,0
485,-999.000,-999.000,866,15.0,1.1,-999.0,1.1,0.5, 8.162,-82.943,3.6,1,0,1,1,2020-09-05T14:59:07.999997,-999.000,-999.000,-1,-1, 1, 1,0,1
486,-999.000,-999.000,354,19.0,-999.0,-999.0,-999.0,-999.0, 8.853,-82.886,2.7,1,0,1,0,2017-04-27T21:31:51.999999,-999.000,-999.000,-1,-1, 0, 1,0,1
487,-999.000,-999.000,659,16.0,-999.0,0.2,-999.0,0.2, 8.381,-82.978,3.0,0,1,0,1,2019-06-16T19:22:35.999999,-999.000,-999.000,-1,-1, 1, 0,1,0
488,-999.000,-999.000,44,20.0,-999.0,1.9,-999.0,1.9, 8.098,-82.893,4.9,0,1,0,1,2014-04-16T13:37:06.999998,-999.000,-999.000,-1,-1, 1, 0,1,0
489,-999.000,-999.000,883,23.0,-999.0,0.5,-999.0,0.5, 9.633,-84.769,3.6,0,1,0,1,2020-10-06T02:14:43.000001,-999.000,-999.000,-1,-1, 1, 0,1,0
490,-999.000,-999.000,882,49.0,0.5,-999.0,0.5,-999.0, 9.209,-83.855,3.1,1,0,1,0,2020-10-04T12:45:33.999999,-999.000,-999.000,-1,-1, 0, 1,0,1
491,-999.000,-999.000,881,30.0,0.1,-999.0,0.1,-999.0, 8.406,-82.864,2.5,1,0,1,0,2020-09-27T08:08:30.999997,-999.000,-999.000,-1,-1, 0, 1,0,1
492,-999.000,-999.000,880,16.0,2.2,-999.0,2.2,-999.0, 8.588,-82.896,4.7,1,0,1,0,2020-09-26T07:27:20.000003,-999.000,-999.000,-1,-1, 0, 0,0,0
493,-999.000,-999.000,887,0.0,0.2,-999.0,0.2,-999.0, 9.999,-83.674,3.0,1,0,1,0,2020-10-19T02:47:10.000001,-999.000,-999.000,-1,-1, 0, 1,0,1
494,-999.000,-999.000,886,22.0,-999.0,-999.0,0.7,-999.0, 8.405,-82.751,3.1,0,0,1,0,2019-06-14T21:53:43.999998,-999.000,-999.000,-1,-1, 0, 1,0,0
495,-999.000,-999.000,885,30.0,0.5,-999.0,0.5,-999.0, 8.415,-82.952,2.9,1,0,1,0,2020-10-13T03:00:20.000001,-999.000,-999.000,-1,-1, 0, 1,0,1
496,-999.000,-999.000,884,40.0,0.4,-999.0,0.4,-999.0, 9.524,-84.232,3.1,1,0,1,0,2020-09-26T20:04:52.000001,-999.000,-999.000,-1,-1, 0, 1,0,1
497,-999.000,-999.000,889,17.0,0.4,-999.0,0.4,-999.0, 8.579,-83.191,3.5,3,0,3,0,2020-10-24T15:21:09.000002,-999.000,-999.000,5,5, 0, 3,0,3
498,-999.000,-999.000,888,25.0,-999.0,-999.0,0.3,-999.0, 8.298,-82.836,3.5,0,0,1,0,2015-05-11T19:09:45.000001,-999.000,-999.000,-1,-1, 0, 1,0,0
499,-999.000,-999.000,116,17.0,0.2,-999.0,0.2,-999.0, 9.467,-84.529,3.7,2,0,2,0,2014-10-31T03:38:55.000000,-999.000,-999.000,-1,-1, 0, 2,0,2
500,-999.000,-999.000,45,63.0,0.2,-999.0,0.2,-999.0, 9.912,-84.093,2.8,1,0,1,0,2014-04-18T13:35:22.999999,-999.000,-999.000,-1,-1, 0, 1,0,1
501,-999.000,-999.000,657,15.0,1.3,-999.0,1.3,-999.0, 8.141,-82.828,3.9,1,0,1,0,2019-06-10T07:02:59.999998,-999.000,-999.000,-1,-1, 0, 1,0,1
502,-999.000,-999.000,355,19.0,-999.0,0.6,-999.0,0.6, 9.714,-85.016,3.4,0,1,0,1,2017-04-29T20:14:30.000003,-999.000,-999.000,-1,-1, 1, 0,1,0
503,-999.000,-999.000,322,1.0,0.1,0.1,0.1,0.1, 9.992,-83.847,2.5,1,2,1,2,2016-10-27T23:33:51.999999,-999.000,-999.000,4,4, 2, 1,2,1
504,-999.000,-999.000,323,20.0,-999.0,0.1,-999.0,0.1, 9.629,-84.934,3.0,0,1,0,1,2016-10-31T20:03:02.000001,-999.000,-999.000,-1,-1, 1, 0,1,0
505,-999.000,-999.000,320,4.0,-999.0,0.1,-999.0,0.1,10.289,-83.754,2.7,0,1,0,1,2016-10-26T08:53:44.999998,-999.000,-999.000,-1,-1, 1, 0,1,0
506,-999.000,-999.000,321,16.0,-999.0,0.1,-999.0,0.1, 8.359,-83.009,2.5,0,1,0,1,2016-10-27T03:57:06.000001,-999.000,-999.000,-1,-1, 1, 0,1,0
507,-999.000,-999.000,326,27.0,0.3,-999.0,0.3,-999.0, 8.378,-82.923,2.9,1,0,1,0,2016-11-13T12:46:33.000003,-999.000,-999.000,-1,-1, 0, 1,0,1
508,-999.000,-999.000,327,8.0,0.5,-999.0,0.5,-999.0, 8.916,-84.138,3.3,1,0,1,0,2016-11-13T22:56:47.999999,-999.000,-999.000,-1,-1, 0, 1,0,1
509,-999.000,-999.000,324,21.0,1.0,0.8,1.0,0.8, 9.580,-84.802,3.8,1,1,1,1,2016-11-07T21:08:39.999997,-999.000,-999.000,-1,-1, 1, 1,1,1
510,-999.000,-999.000,325,42.0,0.8,-999.0,0.8,-999.0, 9.165,-83.835,3.2,1,0,1,0,2016-11-10T22:29:52.999997,-999.000,-999.000,-1,-1, 0, 1,0,1
511,-999.000,-999.000,328,34.0,-999.0,-999.0,1.8,-999.0, 8.371,-82.835,4.8,0,0,2,0,2016-06-05T21:20:25.000001,-999.000,-999.000,-1,-1, 0, 1,0,0
512,-999.000,-999.000,329,29.0,0.5,-999.0,0.5,-999.0, 8.473,-83.024,3.3,1,0,1,0,2016-11-24T15:24:31.000000,-999.000,-999.000,-1,-1, 0, 1,0,1
513,-999.000,-999.000,562,21.0,0.1,-999.0,0.1,-999.0, 9.550,-84.871,2.7,1,0,1,0,2018-09-30T17:38:26.000002,-999.000,-999.000,-1,-1, 0, 1,0,1
514,-999.000,-999.000,201,9.0,0.2,-999.0,0.2,-999.0,10.098,-84.018,3.1,6,0,6,0,2015-07-13T22:03:47.000002,-999.000,-999.000,4,4, 0, 6,0,6
515,-999.000,-999.000,200,19.0,1.2,-999.0,1.2,-999.0, 8.262,-82.892,3.6,1,0,1,0,2015-07-11T01:54:34.000001,-999.000,-999.000,-1,-1, 0, 1,0,1
516,-999.000,-999.000,203,16.0,-999.0,-999.0,-999.0,-999.0, 8.629,-83.281,3.6,1,0,1,0,2015-07-21T01:02:19.000002,-999.000,-999.000,-1,-1, 0, 1,0,1
517,-999.000,-999.000,202,2.0,0.5,-999.0,0.5,0.3, 9.976,-83.870,3.5,1,0,1,17,2017-06-08T14:06:34.999999,-999.000,-999.000,4,-1, 17, 1,0,1
518,-999.000,-999.000,205,50.0,0.7,-999.0,0.7,-999.0, 9.664,-84.156,3.3,1,0,1,0,2015-08-14T14:38:31.999998,-999.000,-999.000,-1,-1, 0, 1,0,1
519,-999.000,-999.000,204,27.0,-999.0,-999.0,-999.0,-999.0, 8.857,-84.129,2.9,0,1,7,1,2015-08-04T13:30:29.000001,-999.000,-999.000,4,-1, 1, 7,1,0
520,-999.000,-999.000,207,49.0,-999.0,1.5,-999.0,1.5, 9.530,-84.141,4.0,0,1,0,1,2015-08-25T10:03:46.999998,-999.000,-999.000,-1,-1, 1, 0,1,0
521,-999.000,-999.000,206,22.0,0.8,-999.0,0.8,-999.0, 9.733,-84.790,3.4,1,0,1,0,2015-08-14T23:34:27.999999,-999.000,-999.000,-1,-1, 0, 1,0,1
522,-999.000,-999.000,209,16.0,-999.0,0.1,-999.0,0.1,10.236,-83.984,2.9,0,1,0,1,2015-09-03T13:36:31.000001,-999.000,-999.000,-1,-1, 1, 0,1,0
523,-999.000,-999.000,208,11.0,0.3,-999.0,0.3,-999.0, 8.991,-84.180,2.9,1,0,1,0,2015-08-31T12:25:38.000001,-999.000,-999.000,-1,-1, 0, 1,0,1
524,-999.000,-999.000,779,22.0,-999.0,0.3,-999.0,0.3, 8.757,-83.826,3.0,0,1,0,1,2020-02-22T09:58:48.999998,-999.000,-999.000,-1,-1, 1, 0,1,0
525,-999.000,-999.000,778,16.0,-999.0,0.3,-999.0,0.3, 9.647,-85.044,2.9,0,2,0,2,2020-02-23T16:32:49.999998,-999.000,-999.000,-1,-1, 2, 0,2,0
526,-999.000,-999.000,77,13.0,0.9,-999.0,0.9,-999.0, 8.197,-83.284,3.6,1,0,1,0,2014-08-01T08:18:45.000002,-999.000,-999.000,-1,-1, 0, 1,0,1
527,-999.000,-999.000,76,8.0,1.7,-999.0,1.7,-999.0, 9.876,-83.931,4.4,3,0,3,0,2014-07-26T05:49:49.000003,-999.000,-999.000,1,1, 0, 3,0,3
528,-999.000,-999.000,75,15.0,2.1,-999.0,2.1,-999.0, 9.963,-84.250,4.7,1,0,1,0,2014-07-24T18:48:23.999997,-999.000,-999.000,-1,-1, 0, 0,0,0
529,-999.000,-999.000,74,15.0,0.3,0.3,0.3,0.3, 9.803,-84.932,3.1,1,1,1,1,2014-07-20T04:55:21.999999,-999.000,-999.000,-1,-1, 1, 1,1,1
530,-999.000,-999.000,73,7.0,-999.0,0.1,-999.0,0.1, 9.688,-84.170,2.7,0,1,0,1,2014-07-19T01:29:23.000002,-999.000,-999.000,-1,-1, 1, 0,1,0
531,-999.000,-999.000,72,16.0,0.2,-999.0,0.2,-999.0,10.213,-83.313,3.0,1,0,1,0,2014-07-13T12:11:02.000003,-999.000,-999.000,-1,-1, 0, 1,0,1
532,-999.000,-999.000,71,20.0,0.8,-999.0,0.8,-999.0, 9.535,-84.894,3.5,1,0,1,0,2014-07-10T17:35:18.999999,-999.000,-999.000,-1,-1, 0, 1,0,1
533,-999.000,-999.000,70,8.0,-999.0,1.4,-999.0,1.4, 8.993,-83.966,4.0,0,1,0,1,2014-07-09T22:03:09.000002,-999.000,-999.000,-1,-1, 1, 0,1,0
534,-999.000,-999.000,655,18.0,0.4,-999.0,0.4,-999.0, 9.418,-83.122,3.1,2,0,2,0,2019-06-08T04:03:02.999997,-999.000,-999.000,-1,-1, 0, 2,0,2
535,-999.000,-999.000,567,8.0,0.9,-999.0,0.9,-999.0, 8.926,-84.106,5.2,17,0,18,0,2018-10-09T01:48:02.000002,-999.000,-999.000,1,1, 0, 3,0,3
536,-999.000,-999.000,79,17.0,-999.0,0.2,-999.0,0.2, 9.630,-84.821,3.6,0,1,0,1,2014-08-02T18:07:05.999999,-999.000,-999.000,-1,-1, 1, 0,1,0
537,-999.000,-999.000,78,19.0,0.7,-999.0,0.7,-999.0, 8.107,-82.895,4.1,2,0,2,0,2014-08-01T10:54:15.999999,-999.000,-999.000,-1,-1, 0, 2,0,2
538,-999.000,-999.000,1043,20.0,-999.0,-999.0,-999.0,-999.0, 9.723,-84.812,2.8,2,0,2,0,2021-06-04T16:38:21.999997,-999.000,-999.000,-1,-1, 0, 2,0,2
539,-999.000,-999.000,1042,20.0,-999.0,-999.0,2.0,-999.0, 9.496,-84.847,4.6,0,0,1,0,2019-10-10T03:22:56.999998,-999.000,-999.000,-1,-1, 0, 1,0,0
540,-999.000,-999.000,1041,17.0,-999.0,-999.0,-999.0,-999.0, 8.658,-83.684,2.4,1,0,1,0,2021-05-25T19:07:44.999996,-999.000,-999.000,-1,-1, 0, 1,0,1
541,-999.000,-999.000,1040,10.0,-999.0,1.1,-999.0,1.1, 8.975,-82.967,3.9,0,1,0,1,2021-05-26T05:42:57.999997,-999.000,-999.000,-1,-1, 1, 0,1,0
542,-999.000,-999.000,1047,43.0,0.5,-999.0,0.5,-999.0, 8.728,-83.245,3.0,1,0,1,0,2021-06-17T10:51:17.999998,-999.000,-999.000,-1,-1, 0, 1,0,1
543,-999.000,-999.000,1046,8.0,-999.0,0.6,-999.0,0.6, 9.076,-84.158,3.0,0,1,0,1,2021-06-17T08:25:33.000000,-999.000,-999.000,-1,-1, 1, 0,1,0
544,-999.000,-999.000,1045,19.0,0.3,-999.0,0.3,-999.0, 9.616,-84.844,2.8,3,0,3,0,2021-06-14T03:29:40.000000,-999.000,-999.000,4,4, 0, 3,0,3
545,-999.000,-999.000,1044,18.0,0.9,0.3,0.9,0.3, 9.523,-84.597,3.7,3,2,3,2,2021-06-12T01:55:58.000003,-999.000,-999.000,2,2, 2, 3,2,3
546,-999.000,-999.000,1049,30.0,0.1,-999.0,0.1,-999.0, 8.495,-82.769,2.9,1,0,1,0,2021-06-26T17:02:25.999997,-999.000,-999.000,-1,-1, 0, 1,0,1
547,-999.000,-999.000,1048,11.0,1.3,-999.0,1.3,-999.0, 8.672,-82.773,5.1,18,0,18,0,2021-06-18T13:57:23.000003,-999.000,-999.000,1,1, 0, 6,0,6
548,-999.000,-999.000,359,27.0,-999.0,0.1,-999.0,0.1, 8.524,-83.625,2.5,0,1,0,1,2017-05-20T10:16:51.000000,-999.000,-999.000,-1,-1, 1, 0,1,0
549,-999.000,-999.000,358,28.0,0.5,-999.0,0.5,-999.0, 9.596,-83.950,3.5,1,0,1,0,2017-05-17T19:36:19.000000,-999.000,-999.000,-1,-1, 0, 1,0,1
550,-999.000,-999.000,868,17.0,1.5,1.1,1.5,1.1, 8.201,-82.985,4.6,3,2,3,2,2020-09-09T04:31:04.000000,-999.000,-999.000,1,1, 2, 2,2,2
551,-999.000,-999.000,669,63.0,2.9,-999.0,2.9,-999.0,10.709,-85.706,5.3,1,0,1,0,2019-07-08T00:09:00.000003,-999.000,-999.000,-1,-1, 0, 0,0,0
552,-999.000,-999.000,668,27.0,0.3,-999.0,0.3,-999.0, 8.804,-83.635,3.0,1,0,1,0,2019-07-03T13:14:07.000002,-999.000,-999.000,-1,-1, 0, 1,0,1
553,-999.000,-999.000,667,27.0,1.3,-999.0,1.3,-999.0, 9.009,-84.343,3.8,1,0,1,0,2019-07-03T10:12:17.999997,-999.000,-999.000,-1,-1, 0, 1,0,1
554,-999.000,-999.000,666,19.0,0.6,-999.0,0.6,-999.0, 9.615,-84.913,3.5,2,0,2,0,2019-07-03T05:40:22.999997,-999.000,-999.000,-1,-1, 0, 2,0,2
555,-999.000,-999.000,665,39.0,0.4,-999.0,0.4,-999.0, 9.073,-83.716,3.2,1,0,1,0,2019-06-30T14:55:57.000003,-999.000,-999.000,-1,-1, 0, 1,0,1
556,-999.000,-999.000,664,36.0,-999.0,-999.0,-999.0,0.5, 8.370,-82.787,2.9,0,0,0,1,2019-06-28T09:58:09.000002,-999.000,-999.000,-1,-1, 1, 0,0,0
557,-999.000,-999.000,663,12.0,-999.0,-999.0,-999.0,0.1, 9.588,-84.120,2.5,0,0,0,1,2019-06-28T00:41:24.999999,-999.000,-999.000,-1,-1, 1, 0,0,0
558,-999.000,-999.000,662,40.0,1.7,-999.0,1.7,-999.0, 8.322,-82.819,6.9,462,0,604,0,2019-06-26T05:23:44.999997,-999.000,-999.000,1,1, 0, 4,0,4
559,-999.000,-999.000,661,21.0,0.3,0.1,0.3,0.1, 8.794,-84.112,2.8,1,1,1,1,2019-06-26T04:54:25.999999,-999.000,-999.000,-1,-1, 1, 1,1,1
560,-999.000,-999.000,660,18.0,0.4,-999.0,0.4,-999.0, 8.940,-82.898,3.1,1,0,1,0,2019-04-30T21:42:03.999997,-999.000,-999.000,-1,-1, 0, 1,0,1
561,-999.000,-999.000,215,24.0,1.0,-999.0,1.0,-999.0, 9.027,-84.131,3.5,1,0,1,0,2015-09-26T23:52:29.999999,-999.000,-999.000,-1,-1, 0, 1,0,1
562,-999.000,-999.000,653,12.0,0.9,0.7,0.9,0.7, 9.322,-83.356,3.3,1,1,1,1,2019-06-03T18:52:46.999998,-999.000,-999.000,-1,-1, 1, 1,1,1
563,-999.000,-999.000,692,18.0,2.8,-999.0,2.8,-999.0, 9.817,-82.883,5.4,4,0,4,0,2019-09-18T04:58:50.000001,-999.000,-999.000,1,1, 0, 0,0,0
564,-999.000,-999.000,693,20.0,-999.0,0.2,-999.0,0.2, 8.672,-83.238,3.1,0,1,0,1,2019-09-20T10:08:54.000002,-999.000,-999.000,-1,-1, 1, 0,1,0
565,-999.000,-999.000,690,29.0,0.6,-999.0,0.6,-999.0, 9.321,-83.756,4.1,1,0,1,0,2019-09-12T01:59:32.000003,-999.000,-999.000,-1,-1, 0, 1,0,1
566,-999.000,-999.000,691,34.0,1.9,-999.0,1.9,-999.0, 9.259,-84.133,5.4,4,0,4,0,2019-09-18T11:23:22.999999,-999.000,-999.000,1,1, 0, 1,0,1
567,-999.000,-999.000,696,15.0,1.3,-999.0,1.3,-999.0, 9.672,-84.171,3.8,1,0,1,0,2019-09-28T06:22:27.000000,-999.000,-999.000,-1,-1, 0, 1,0,1
568,-999.000,-999.000,697,17.0,0.7,-999.0,0.7,-999.0, 9.950,-84.954,3.1,1,0,1,0,2019-09-29T13:28:45.999998,-999.000,-999.000,-1,-1, 0, 1,0,1
569,-999.000,-999.000,694,27.0,0.7,-999.0,0.7,-999.0, 9.327,-83.784,4.0,2,0,2,0,2019-09-26T20:01:51.000002,-999.000,-999.000,-1,-1, 0, 2,0,2
570,-999.000,-999.000,695,16.0,0.5,0.6,0.5,0.6, 8.850,-84.198,4.0,4,3,4,3,2019-09-27T07:04:14.000002,-999.000,-999.000,1,1, 3, 4,3,4
571,-999.000,-999.000,698,34.0,1.1,-999.0,1.1,-999.0, 8.137,-83.155,3.8,1,0,1,0,2019-10-01T09:51:02.000003,-999.000,-999.000,-1,-1, 0, 1,0,1
572,-999.000,-999.000,699,4.0,0.3,-999.0,0.3,-999.0, 9.788,-83.813,4.2,6,0,6,0,2019-10-09T06:18:25.999999,-999.000,-999.000,2,2, 0, 6,0,6
573,-999.000,-999.000,222,17.0,0.6,-999.0,0.6,-999.0, 9.136,-84.150,4.1,1,0,1,0,2015-10-26T10:38:00.000003,-999.000,-999.000,-1,-1, 0, 1,0,1
574,-999.000,-999.000,542,4.0,0.3,-999.0,0.3,-999.0, 9.756,-83.960,3.5,2,0,2,0,2018-08-21T23:52:16.000001,-999.000,-999.000,-1,-1, 0, 2,0,2
575,-999.000,-999.000,543,21.0,0.2,-999.0,0.2,-999.0, 8.282,-83.031,2.7,1,0,1,0,2018-08-29T04:39:08.000001,-999.000,-999.000,-1,-1, 0, 1,0,1
576,-999.000,-999.000,540,19.0,-999.0,-999.0,-999.0,-999.0, 8.620,-83.224,6.0,138,0,186,0,2018-08-17T23:22:21.000001,-999.000,-999.000,3,2, 0, 15,0,12
577,-999.000,-999.000,541,16.0,2.0,-999.0,2.0,-999.0, 9.316,-84.210,4.4,1,0,1,0,2018-08-21T09:34:55.000000,-999.000,-999.000,-1,-1, 0, 0,0,0
578,-999.000,-999.000,546,20.0,-999.0,0.1,-999.0,0.1, 9.623,-84.756,2.5,0,1,0,1,2018-09-04T19:01:08.000001,-999.000,-999.000,-1,-1, 1, 0,1,0
579,-999.000,-999.000,547,21.0,-999.0,0.7,-999.0,0.7, 9.623,-84.797,3.3,0,1,0,1,2018-09-08T13:55:22.999999,-999.000,-999.000,-1,-1, 1, 0,1,0
580,-999.000,-999.000,544,36.0,0.2,-999.0,0.2,-999.0, 8.255,-82.681,2.6,1,0,1,0,2018-08-30T22:00:02.000002,-999.000,-999.000,-1,-1, 0, 1,0,1
581,-999.000,-999.000,545,0.0,-999.0,-999.0,-999.0,-999.0, 9.224,-84.657,2.9,1,0,1,0,2018-09-01T23:05:09.999999,-999.000,-999.000,-1,-1, 0, 1,0,1
582,-999.000,-999.000,1018,18.0,-999.0,0.1,-999.0,0.1, 9.578,-84.924,2.5,0,1,0,1,2021-05-06T11:39:39.999999,-999.000,-999.000,-1,-1, 1, 0,1,0
583,-999.000,-999.000,548,15.0,0.3,-999.0,0.3,-999.0, 9.230,-84.701,2.8,1,0,1,0,2018-09-08T23:48:41.999999,-999.000,-999.000,-1,-1, 0, 1,0,1
584,-999.000,-999.000,549,20.0,0.8,1.2,0.8,1.2, 8.663,-83.261,5.1,15,1,17,1,2018-09-14T01:35:58.000000,-999.000,-999.000,1,1, 1, 4,1,4
585,-999.000,-999.000,1019,13.0,0.1,-999.0,0.1,-999.0, 9.027,-84.105,3.0,1,0,1,0,2021-05-07T23:21:32.999998,-999.000,-999.000,-1,-1, 0, 1,0,1
586,-999.000,-999.000,995,13.0,0.3,-999.0,0.3,-999.0, 8.771,-84.153,2.8,2,0,2,0,2021-04-13T17:35:54.000003,-999.000,-999.000,-1,-1, 0, 2,0,2
587,-999.000,-999.000,994,49.0,1.1,-999.0,1.1,-999.0, 9.438,-84.337,3.9,3,0,3,0,2021-04-13T06:41:45.000003,-999.000,-999.000,1,1, 0, 3,0,3
588,-999.000,-999.000,997,24.0,-999.0,0.3,-999.0,0.3, 8.931,-84.218,3.2,0,2,0,2,2021-04-15T00:22:15.999998,-999.000,-999.000,-1,-1, 2, 0,2,0
589,-999.000,-999.000,996,14.0,-999.0,-999.0,-999.0,-999.0, 9.133,-84.129,2.4,1,0,1,0,2021-04-13T20:51:19.999998,-999.000,-999.000,-1,-1, 0, 1,0,1
590,-999.000,-999.000,991,10.0,-999.0,-999.0,-999.0,-999.0, 8.919,-84.089,2.9,2,0,2,0,2021-04-11T05:09:49.000000,-999.000,-999.000,-1,-1, 0, 2,0,2
591,-999.000,-999.000,990,21.0,-999.0,-999.0,-999.0,-999.0, 8.967,-84.249,2.4,1,0,1,0,2021-04-11T02:12:33.000000,-999.000,-999.000,-1,-1, 0, 1,0,1
592,-999.000,-999.000,993,12.0,0.8,0.4,0.8,0.4, 8.849,-84.116,3.3,1,3,1,4,2021-04-14T01:08:25.000002,-999.000,-999.000,5,5, 4, 1,3,1
593,-999.000,-999.000,992,14.0,0.6,0.4,0.6,0.4, 8.847,-84.107,3.6,5,3,5,3,2021-04-12T01:55:59.999999,-999.000,-999.000,5,5, 3, 5,3,5
594,-999.000,-999.000,999,15.0,0.2,0.2,0.2,0.2, 9.435,-84.580,2.6,1,1,1,1,2021-04-16T05:02:55.000000,-999.000,-999.000,-1,-1, 1, 1,1,1
595,-999.000,-999.000,998,19.0,-999.0,-999.0,2.9,-999.0, 8.133,-82.994,5.3,0,0,1,0,2021-01-05T00:55:04.999997,-999.000,-999.000,-1,-1, 0, 0,0,0
596,-999.000,-999.000,120,10.0,0.4,-999.0,0.4,-999.0, 9.943,-85.685,3.3,1,0,1,0,2014-11-02T11:59:33.000002,-999.000,-999.000,-1,-1, 0, 1,0,1
597,-999.000,-999.000,121,12.0,0.5,-999.0,0.5,-999.0, 9.966,-85.688,3.2,1,0,1,0,2014-11-08T14:29:39.000002,-999.000,-999.000,-1,-1, 0, 1,0,1
598,-999.000,-999.000,122,19.0,-999.0,0.5,-999.0,0.5,10.210,-83.281,3.3,0,2,0,2,2014-11-11T04:10:55.000002,-999.000,-999.000,-1,-1, 2, 0,2,0
599,-999.000,-999.000,123,16.0,1.0,-999.0,1.0,-999.0, 9.593,-84.544,3.9,4,0,4,0,2014-11-16T18:01:10.000001,-999.000,-999.000,1,1, 0, 4,0,4
600,-999.000,-999.000,124,48.0,2.0,-999.0,2.0,-999.0, 8.724,-83.089,4.5,2,0,2,0,2014-11-17T19:28:54.999999,-999.000,-999.000,-1,-1, 0, 2,0,2
601,-999.000,-999.000,125,23.0,-999.0,0.2,-999.0,0.2, 9.640,-84.750,3.1,0,1,0,1,2014-11-18T03:12:20.000001,-999.000,-999.000,-1,-1, 1, 0,1,0
602,-999.000,-999.000,126,17.0,-999.0,-999.0,-999.0,-999.0,10.323,-83.318,3.8,3,0,3,0,2014-11-20T20:26:05.000001,-999.000,-999.000,2,2, 0, 3,0,3
603,-999.000,-999.000,127,6.0,-999.0,-999.0,-999.0,-999.0, 8.722,-83.399,2.4,1,0,1,0,2014-11-21T15:16:55.999999,-999.000,-999.000,-1,-1, 0, 1,0,1
604,-999.000,-999.000,128,6.0,0.4,-999.0,0.4,-999.0, 9.649,-83.517,3.1,1,0,1,0,2014-11-22T01:15:30.999998,-999.000,-999.000,-1,-1, 0, 1,0,1
605,-999.000,-999.000,2,12.0,1.8,-999.0,1.8,-999.0, 8.638,-83.194,4.4,1,0,1,0,2014-01-05T19:06:00.999997,-999.000,-999.000,-1,-1, 0, 1,0,1
606,-999.000,-999.000,219,51.0,2.2,-999.0,2.2,-999.0, 9.447,-84.070,4.8,1,0,1,0,2015-10-01T17:51:03.000001,-999.000,-999.000,-1,-1, 0, 0,0,0
607,-999.000,-999.000,176,33.0,1.6,-999.0,1.6,-999.0, 8.263,-82.816,4.2,2,0,2,0,2015-05-06T15:30:11.000003,-999.000,-999.000,-1,-1, 0, 2,0,2
608,-999.000,-999.000,214,14.0,1.6,-999.0,1.6,-999.0, 9.895,-83.516,4.6,2,0,2,0,2015-09-26T14:45:00.999998,-999.000,-999.000,-1,-1, 0, 1,0,1
609,-999.000,-999.000,777,44.0,-999.0,0.4,-999.0,0.4, 9.082,-83.776,3.3,0,1,0,1,2020-02-21T20:42:00.000003,-999.000,-999.000,-1,-1, 1, 0,1,0
610,-999.000,-999.000,1010,16.0,0.2,-999.0,0.2,-999.0, 8.658,-83.339,2.8,1,0,1,0,2021-04-28T03:48:36.000002,-999.000,-999.000,-1,-1, 0, 1,0,1
611,-999.000,-999.000,563,20.0,1.5,-999.0,1.5,-999.0, 9.051,-84.084,3.9,1,0,1,0,2018-10-01T09:48:41.000001,-999.000,-999.000,-1,-1, 0, 1,0,1
612,-999.000,-999.000,1022,10.0,-999.0,0.1,-999.0,0.1, 8.971,-84.218,3.3,0,9,0,9,2021-05-12T03:31:54.000000,-999.000,-999.000,4,4, 9, 0,9,0
613,-999.000,-999.000,1011,14.0,0.3,-999.0,0.3,-999.0, 8.961,-84.217,2.7,1,0,1,0,2021-04-29T18:23:06.000001,-999.000,-999.000,-1,-1, 0, 1,0,1
614,-999.000,-999.000,928,22.0,-999.0,0.4,-999.0,0.4, 8.913,-84.253,2.8,0,1,0,1,2021-01-23T03:13:41.000001,-999.000,-999.000,-1,-1, 1, 0,1,0
615,-999.000,-999.000,929,19.0,-999.0,0.1,-999.0,0.1, 8.418,-83.096,4.0,0,1,0,1,2021-01-23T13:47:30.000000,-999.000,-999.000,-1,-1, 1, 0,1,0
616,-999.000,-999.000,416,15.0,0.2,0.7,0.2,0.7, 9.718,-85.609,3.3,2,1,2,1,2017-11-26T16:33:04.000003,-999.000,-999.000,5,5, 1, 2,1,2
617,-999.000,-999.000,417,19.0,0.7,-999.0,0.7,-999.0, 8.991,-82.844,3.6,1,0,1,0,2017-11-25T14:16:51.999998,-999.000,-999.000,-1,-1, 0, 1,0,1
618,-999.000,-999.000,410,10.0,0.5,-999.0,0.5,-999.0, 8.822,-84.176,3.6,1,0,1,0,2017-11-20T09:27:53.000001,-999.000,-999.000,-1,-1, 0, 1,0,1
619,-999.000,-999.000,411,19.0,0.4,0.5,0.4,0.5, 9.302,-84.523,3.1,1,1,1,1,2017-11-20T21:20:00.000001,-999.000,-999.000,-1,-1, 1, 1,1,1
620,-999.000,-999.000,412,7.0,-999.0,-999.0,-999.0,-999.0, 8.966,-84.091,2.4,1,0,1,0,2017-11-21T08:08:14.999999,-999.000,-999.000,-1,-1, 0, 1,0,1
621,-999.000,-999.000,413,0.0,-999.0,-999.0,-999.0,-999.0, 9.337,-84.537,3.4,3,0,3,0,2017-11-21T20:18:41.000001,-999.000,-999.000,2,2, 0, 3,0,3
622,-999.000,-999.000,920,25.0,1.6,-999.0,1.6,-999.0, 9.461,-83.640,4.0,1,0,1,0,2021-01-06T23:55:54.000003,-999.000,-999.000,-1,-1, 0, 1,0,1
623,-999.000,-999.000,498,17.0,0.2,0.1,0.2,0.1, 9.369,-84.588,3.1,1,1,1,1,2018-05-30T03:59:10.999998,-999.000,-999.000,-1,-1, 1, 1,1,1
624,-999.000,-999.000,922,29.0,-999.0,-999.0,0.1,-999.0, 8.293,-82.856,3.6,0,0,1,0,2020-06-05T20:21:30.999998,-999.000,-999.000,-1,-1, 0, 1,0,0
625,-999.000,-999.000,923,12.0,1.1,-999.0,1.1,-999.0, 9.336,-83.261,3.9,1,0,1,0,2021-01-13T18:29:43.000001,-999.000,-999.000,-1,-1, 0, 1,0,1
626,-999.000,-999.000,924,4.0,0.3,-999.0,0.3,-999.0, 9.604,-83.805,2.7,1,0,1,0,2021-01-17T21:49:12.999997,-999.000,-999.000,-1,-1, 0, 1,0,1
627,-999.000,-999.000,925,25.0,-999.0,1.4,-999.0,1.4, 8.341,-82.852,4.1,0,1,0,1,2021-01-20T07:17:44.999997,-999.000,-999.000,-1,-1, 1, 0,1,0
628,-999.000,-999.000,926,9.0,0.6,-999.0,0.6,-999.0, 9.824,-83.870,3.8,1,0,1,0,2021-01-21T13:06:29.999999,-999.000,-999.000,-1,-1, 0, 1,0,1
629,-999.000,-999.000,927,23.0,0.8,-999.0,0.8,-999.0, 8.182,-83.257,4.3,1,0,1,0,2021-01-21T17:08:12.000003,-999.000,-999.000,-1,-1, 0, 1,0,1
630,-999.000,-999.000,319,48.0,1.8,-999.0,1.8,-999.0, 9.447,-84.122,4.6,2,0,2,0,2016-10-25T22:35:45.000001,-999.000,-999.000,-1,-1, 0, 1,0,1
631,-999.000,-999.000,318,43.0,1.6,-999.0,1.6,-999.0, 8.504,-82.923,4.5,1,0,1,0,2016-10-23T09:56:59.999999,-999.000,-999.000,-1,-1, 0, 1,0,1
632,-999.000,-999.000,313,13.0,-999.0,0.7,-999.0,0.7, 9.007,-84.083,3.5,0,1,0,1,2016-10-05T16:51:36.999997,-999.000,-999.000,-1,-1, 1, 0,1,0
633,-999.000,-999.000,312,17.0,-999.0,0.3,-999.0,0.3, 8.615,-83.210,2.8,0,1,0,1,2016-10-05T01:46:04.999998,-999.000,-999.000,-1,-1, 1, 0,1,0
634,-999.000,-999.000,311,16.0,0.7,-999.0,0.7,-999.0, 9.327,-84.476,4.4,1,0,1,0,2016-10-04T11:08:24.999999,-999.000,-999.000,-1,-1, 0, 1,0,1
635,-999.000,-999.000,310,18.0,-999.0,-999.0,0.1,-999.0, 8.665,-83.239,2.6,0,0,1,0,2016-02-25T03:30:57.999998,-999.000,-999.000,-1,-1, 0, 1,0,0
636,-999.000,-999.000,317,29.0,0.4,-999.0,0.4,-999.0, 8.426,-82.874,3.3,1,0,1,0,2016-10-18T15:09:22.999998,-999.000,-999.000,-1,-1, 0, 1,0,1
637,-999.000,-999.000,316,21.0,1.5,1.2,1.5,1.2, 8.684,-83.329,3.9,1,1,1,1,2016-10-09T07:00:33.000000,-999.000,-999.000,-1,-1, 1, 1,1,1
638,-999.000,-999.000,315,7.0,1.5,-999.0,1.5,-999.0, 8.883,-84.165,4.0,1,0,1,0,2016-10-07T19:37:12.000003,-999.000,-999.000,-1,-1, 0, 1,0,1
639,-999.000,-999.000,864,19.0,1.5,-999.0,1.5,-999.0, 9.500,-84.842,4.5,2,0,2,0,2020-09-03T20:28:11.000003,-999.000,-999.000,-1,-1, 0, 1,0,1
640,-999.000,-999.000,921,12.0,1.2,1.3,1.2,1.3, 9.327,-83.355,3.9,1,1,1,1,2021-01-09T17:19:57.999998,-999.000,-999.000,-1,-1, 1, 1,1,1
641,-999.000,-999.000,496,14.0,0.3,-999.0,0.3,-999.0, 9.545,-84.689,3.3,1,0,1,0,2018-05-27T15:24:05.000000,-999.000,-999.000,-1,-1, 0, 1,0,1
642,-999.000,-999.000,670,15.0,0.3,-999.0,0.3,-999.0,10.606,-85.268,3.9,1,0,1,0,2019-07-11T15:22:27.999998,-999.000,-999.000,-1,-1, 0, 1,0,1
643,-999.000,-999.000,832,13.0,1.5,1.0,1.5,1.0, 9.155,-82.700,4.0,1,1,1,1,2020-06-21T04:51:15.999999,-999.000,-999.000,-1,-1, 1, 1,1,1
644,-999.000,-999.000,833,11.0,-999.0,0.5,-999.0,0.5, 8.866,-84.132,3.0,0,1,0,1,2020-06-26T07:26:47.999997,-999.000,-999.000,-1,-1, 1, 0,1,0
645,-999.000,-999.000,830,16.0,0.3,-999.0,0.3,-999.0, 9.544,-84.556,3.4,2,0,2,0,2020-06-19T10:58:49.999998,-999.000,-999.000,-1,-1, 0, 2,0,2
646,-999.000,-999.000,831,4.0,-999.0,-999.0,-999.0,-999.0, 9.768,-83.964,2.5,1,0,1,0,2020-06-19T13:10:28.999997,-999.000,-999.000,-1,-1, 0, 1,0,1
647,-999.000,-999.000,836,11.0,0.3,-999.0,0.3,-999.0, 9.506,-83.561,2.8,1,0,1,0,2020-07-09T18:57:21.999999,-999.000,-999.000,-1,-1, 0, 1,0,1
648,-999.000,-999.000,837,27.0,0.8,-999.0,0.8,-999.0, 8.296,-82.896,4.0,5,0,6,0,2020-07-12T02:14:23.000002,-999.000,-999.000,1,1, 0, 6,0,5
649,-999.000,-999.000,834,17.0,-999.0,0.2,-999.0,0.2, 9.348,-84.384,2.9,0,2,0,2,2020-06-29T11:02:19.999997,-999.000,-999.000,-1,-1, 2, 0,2,0
650,-999.000,-999.000,835,35.0,0.9,-999.0,0.9,-999.0, 9.527,-84.123,4.1,3,0,3,0,2020-07-03T02:06:13.999998,-999.000,-999.000,1,1, 0, 3,0,3
651,-999.000,-999.000,838,17.0,0.6,-999.0,0.6,-999.0,10.045,-83.300,3.0,1,0,1,0,2020-07-12T02:57:55.999997,-999.000,-999.000,-1,-1, 0, 1,0,1
652,-999.000,-999.000,839,7.0,0.6,-999.0,0.6,-999.0, 9.739,-84.075,3.5,2,0,2,0,2020-07-12T22:24:04.000001,-999.000,-999.000,-1,-1, 0, 2,0,2
653,-999.000,-999.000,3,21.0,0.6,-999.0,0.6,-999.0, 9.506,-84.854,5.2,24,0,24,0,2014-01-17T21:02:39.999997,-999.000,-999.000,1,1, 0, 2,0,2
654,-999.000,-999.000,725,8.0,-999.0,-999.0,-999.0,-999.0, 9.333,-84.416,2.6,2,0,2,0,2019-12-01T06:23:30.000000,-999.000,-999.000,-1,-1, 0, 2,0,2
655,-999.000,-999.000,368,26.0,1.8,-999.0,1.8,-999.0, 9.341,-84.627,4.8,2,0,4,0,2017-06-17T15:00:35.999997,-999.000,-999.000,1,-1, 0, 3,0,2
656,-999.000,-999.000,369,20.0,0.5,-999.0,0.5,-999.0, 9.518,-84.837,3.1,1,0,1,0,2017-06-22T21:07:22.999998,-999.000,-999.000,-1,-1, 0, 1,0,1
657,-999.000,-999.000,366,4.0,0.4,-999.0,0.4,-999.0, 9.528,-83.581,2.9,1,0,1,0,2017-06-09T15:58:27.000000,-999.000,-999.000,-1,-1, 0, 1,0,1
658,-999.000,-999.000,367,30.0,0.2,-999.0,0.2,-999.0, 8.640,-83.366,2.9,2,0,2,0,2017-06-14T21:14:18.999999,-999.000,-999.000,-1,-1, 0, 2,0,2
659,-999.000,-999.000,364,3.0,0.7,-999.0,0.7,-999.0,10.182,-84.232,3.1,1,0,1,0,2017-06-05T08:53:34.999998,-999.000,-999.000,-1,-1, 0, 1,0,1
660,-999.000,-999.000,365,12.0,-999.0,0.5,-999.0,0.5, 8.661,-83.737,3.0,0,1,0,1,2017-06-09T08:44:57.000003,-999.000,-999.000,-1,-1, 1, 0,1,0
661,-999.000,-999.000,362,16.0,0.2,-999.0,0.2,-999.0, 8.574,-83.195,4.0,4,0,4,0,2017-06-01T09:21:37.999998,-999.000,-999.000,2,2, 0, 4,0,4
662,-999.000,-999.000,363,14.0,-999.0,0.6,-999.0,0.6, 8.387,-82.994,3.3,0,1,0,1,2017-06-04T10:00:43.999998,-999.000,-999.000,-1,-1, 1, 0,1,0
663,-999.000,-999.000,360,17.0,0.3,-999.0,0.3,-999.0, 9.112,-84.127,2.9,1,0,1,0,2017-05-21T01:03:01.000001,-999.000,-999.000,-1,-1, 0, 1,0,1
664,-999.000,-999.000,361,17.0,-999.0,0.5,-999.0,0.5, 9.477,-84.496,3.1,0,1,0,1,2017-05-30T07:20:08.999997,-999.000,-999.000,-1,-1, 1, 0,1,0
665,-999.000,-999.000,218,11.0,0.3,-999.0,0.3,-999.0, 9.578,-85.229,3.0,2,0,2,0,2015-10-03T01:09:48.000003,-999.000,-999.000,-1,-1, 0, 2,0,2
666,-999.000,-999.000,380,17.0,1.3,1.0,1.3,1.0, 8.993,-83.965,5.3,7,2,9,2,2017-08-27T10:38:55.000002,-999.000,-999.000,1,1, 2, 3,2,3
667,-999.000,-999.000,861,25.0,1.6,-999.0,1.6,-999.0, 8.361,-82.892,4.2,2,0,2,0,2020-08-30T23:43:18.000002,-999.000,-999.000,-1,-1, 0, 2,0,2
668,-999.000,-999.000,382,21.0,2.3,2.7,2.3,2.7, 9.909,-85.658,5.9,6,1,6,1,2017-09-01T07:42:39.000001,-999.000,-999.000,1,1, 0, 0,0,0
669,-999.000,-999.000,383,17.0,1.6,-999.0,1.6,-999.0, 9.521,-84.872,5.0,3,0,3,0,2017-09-02T10:38:14.000000,-999.000,-999.000,1,1, 0, 1,0,1
670,-999.000,-999.000,384,13.0,-999.0,0.5,-999.0,0.5, 9.372,-84.368,3.1,0,1,0,1,2017-09-04T19:51:15.000002,-999.000,-999.000,-1,-1, 1, 0,1,0
671,-999.000,-999.000,385,51.0,2.1,-999.0,2.1,-999.0, 8.093,-82.993,5.2,2,0,2,0,2017-09-05T11:28:26.999997,-999.000,-999.000,-1,-1, 0, 0,0,0
672,-999.000,-999.000,386,25.0,-999.0,0.1,-999.0,0.1, 8.837,-82.888,2.6,0,1,0,1,2017-09-09T10:40:35.000000,-999.000,-999.000,-1,-1, 1, 0,1,0
673,-999.000,-999.000,387,6.0,0.1,-999.0,0.1,-999.0, 9.783,-83.975,2.8,1,0,1,0,2017-09-12T02:14:21.999998,-999.000,-999.000,-1,-1, 0, 1,0,1
674,-999.000,-999.000,388,21.0,1.6,-999.0,1.6,-999.0, 9.179,-84.123,4.6,1,0,1,0,2017-08-18T17:15:11.000001,-999.000,-999.000,-1,-1, 0, 1,0,1
675,-999.000,-999.000,389,22.0,0.3,-999.0,0.3,-999.0, 8.271,-82.843,3.3,1,0,1,0,2017-09-14T17:33:48.000000,-999.000,-999.000,-1,-1, 0, 1,0,1
676,-999.000,-999.000,784,3.0,0.3,-999.0,0.3,-999.0, 8.771,-84.204,2.8,1,0,1,0,2020-03-02T11:20:43.999997,-999.000,-999.000,-1,-1, 0, 1,0,1
677,-999.000,-999.000,785,29.0,0.6,-999.0,0.6,-999.0, 8.332,-83.108,3.9,1,0,1,0,2020-03-03T00:19:50.999998,-999.000,-999.000,-1,-1, 0, 1,0,1
678,-999.000,-999.000,786,41.0,2.2,-999.0,2.2,-999.0, 9.017,-83.212,5.9,7,0,7,0,2020-03-07T02:40:43.000003,-999.000,-999.000,1,1, 0, 0,0,0
679,-999.000,-999.000,787,22.0,-999.0,0.3,-999.0,0.3, 8.191,-82.903,2.8,0,1,0,1,2020-03-08T01:52:57.999999,-999.000,-999.000,-1,-1, 1, 0,1,0
680,-999.000,-999.000,780,23.0,-999.0,0.3,-999.0,0.3, 8.238,-82.792,2.7,0,1,0,1,2020-02-23T07:49:31.999998,-999.000,-999.000,-1,-1, 1, 0,1,0
681,-999.000,-999.000,781,11.0,-999.0,0.5,-999.0,0.5, 8.977,-84.048,2.9,0,1,0,1,2020-02-24T11:32:00.000000,-999.000,-999.000,-1,-1, 1, 0,1,0
682,-999.000,-999.000,782,32.0,0.5,-999.0,0.5,-999.0,10.495,-85.738,3.3,1,0,1,0,2020-02-26T20:35:44.999998,-999.000,-999.000,-1,-1, 0, 1,0,1
683,-999.000,-999.000,381,9.0,0.2,-999.0,0.2,-999.0, 8.216,-82.895,4.1,1,0,1,0,2017-08-31T09:12:09.000003,-999.000,-999.000,-1,-1, 0, 1,0,1
684,-999.000,-999.000,788,20.0,-999.0,0.7,-999.0,0.7, 8.680,-83.270,3.5,0,1,0,1,2020-03-10T00:57:49.000000,-999.000,-999.000,-1,-1, 1, 0,1,0
685,-999.000,-999.000,789,18.0,0.2,-999.0,0.2,-999.0, 9.332,-84.105,2.9,1,0,1,0,2020-03-12T06:51:45.000001,-999.000,-999.000,-1,-1, 0, 1,0,1
686,-999.000,-999.000,860,8.0,-999.0,0.1,-999.0,0.1, 8.867,-84.109,2.6,0,1,0,1,2020-08-29T10:39:09.000001,-999.000,-999.000,-1,-1, 1, 0,1,0
687,-999.000,-999.000,151,22.0,0.6,-999.0,0.6,-999.0, 8.334,-82.860,3.6,2,0,2,0,2015-02-24T04:25:00.000004,-999.000,-999.000,-1,-1, 0, 2,0,2
688,-999.000,-999.000,579,30.0,0.8,-999.0,0.8,-999.0, 9.585,-84.416,3.4,1,0,1,0,2018-11-17T10:21:57.000003,-999.000,-999.000,-1,-1, 0, 1,0,1
689,-999.000,-999.000,578,15.0,-999.0,0.4,-999.0,0.4, 9.770,-83.409,2.9,0,1,0,1,2018-11-17T10:36:38.000001,-999.000,-999.000,-1,-1, 1, 0,1,0
690,-999.000,-999.000,150,10.0,0.4,-999.0,0.4,-999.0, 8.947,-84.224,2.9,1,0,1,0,2015-02-20T07:04:40.999999,-999.000,-999.000,-1,-1, 0, 1,0,1
691,-999.000,-999.000,573,33.0,-999.0,0.5,-999.0,0.5, 9.053,-84.110,3.7,0,1,0,1,2018-10-22T05:12:28.999997,-999.000,-999.000,-1,-1, 1, 0,1,0
692,-999.000,-999.000,572,25.0,1.5,-999.0,1.5,-999.0, 8.700,-82.850,5.2,9,0,9,0,2018-10-22T01:28:39.999997,-999.000,-999.000,1,1, 0, 3,0,3
693,-999.000,-999.000,571,24.0,0.7,-999.0,0.7,-999.0, 8.704,-83.306,4.2,3,0,3,0,2018-10-20T15:37:42.999999,-999.000,-999.000,1,1, 0, 3,0,3
694,-999.000,-999.000,570,17.0,-999.0,0.3,-999.0,0.3,10.151,-85.394,2.7,0,1,0,1,2018-10-19T04:08:55.000000,-999.000,-999.000,-1,-1, 1, 0,1,0
695,-999.000,-999.000,577,35.0,0.3,-999.0,0.3,-999.0, 9.505,-84.437,2.9,1,0,1,0,2018-11-07T10:02:27.999999,-999.000,-999.000,-1,-1, 0, 1,0,1
696,-999.000,-999.000,576,29.0,2.0,-999.0,2.0,-999.0, 8.129,-83.114,5.3,2,0,2,0,2018-11-01T11:13:07.000003,-999.000,-999.000,-1,-1, 0, 1,0,1
697,-999.000,-999.000,575,4.0,-999.0,0.6,-999.0,0.6, 9.774,-83.910,3.0,0,1,0,1,2018-10-31T05:47:22.000000,-999.000,-999.000,-1,-1, 1, 0,1,0
698,-999.000,-999.000,574,33.0,-999.0,0.2,-999.0,0.2, 9.383,-83.641,2.8,0,1,0,1,2018-10-22T09:01:09.999997,-999.000,-999.000,-1,-1, 1, 0,1,0
699,-999.000,-999.000,60,24.0,0.8,-999.0,0.8,-999.0, 8.585,-83.216,3.6,1,0,1,0,2014-05-18T07:46:31.000001,-999.000,-999.000,-1,-1, 0, 1,0,1
700,-999.000,-999.000,61,16.0,0.8,0.3,0.8,0.3, 9.385,-84.583,3.6,1,1,2,1,2014-05-29T16:23:32.000002,-999.000,-999.000,2,-1, 1, 2,1,1
701,-999.000,-999.000,62,0.0,-999.0,0.6,-999.0,0.6, 8.697,-83.713,4.0,0,1,0,1,2014-06-09T18:34:52.000001,-999.000,-999.000,-1,-1, 1, 0,1,0
702,-999.000,-999.000,259,34.0,-999.0,0.3,-999.0,0.3, 9.203,-84.109,2.9,0,1,0,1,2016-02-20T16:28:07.000000,-999.000,-999.000,-1,-1, 1, 0,1,0
703,-999.000,-999.000,64,11.0,0.3,-999.0,0.3,-999.0, 9.503,-84.101,3.3,1,0,1,0,2014-06-05T06:01:03.999999,-999.000,-999.000,-1,-1, 0, 1,0,1
704,-999.000,-999.000,65,12.0,0.3,-999.0,0.3,-999.0, 9.417,-84.328,3.5,1,0,1,0,2014-06-17T04:49:01.999999,-999.000,-999.000,-1,-1, 0, 1,0,1
705,-999.000,-999.000,66,0.0,-999.0,0.3,-999.0,0.3, 9.180,-84.553,2.7,0,1,0,1,2014-06-19T20:04:12.999999,-999.000,-999.000,-1,-1, 1, 0,1,0
706,-999.000,-999.000,67,14.0,0.8,-999.0,0.8,-999.0, 8.148,-82.781,4.3,2,0,2,0,2014-06-22T16:51:00.000002,-999.000,-999.000,-1,-1, 0, 2,0,2
707,-999.000,-999.000,68,9.0,-999.0,0.3,-999.0,0.3, 8.195,-82.874,3.6,0,1,0,1,2014-06-29T10:27:38.000003,-999.000,-999.000,-1,-1, 1, 0,1,0
708,-999.000,-999.000,253,12.0,0.4,-999.0,0.4,-999.0,10.167,-83.937,3.4,2,0,2,0,2016-02-03T15:40:43.000000,-999.000,-999.000,-1,-1, 0, 2,0,2
709,-999.000,-999.000,250,17.0,-999.0,0.3,-999.0,0.3, 9.581,-84.838,2.9,0,1,0,1,2016-01-30T15:39:08.999999,-999.000,-999.000,-1,-1, 1, 0,1,0
710,-999.000,-999.000,251,18.0,0.7,-999.0,0.7,-999.0, 8.675,-82.859,5.4,7,0,8,0,2016-01-31T11:38:33.999996,-999.000,-999.000,1,1, 0, 4,0,3
711,-999.000,-999.000,256,14.0,-999.0,0.3,-999.0,0.3, 8.310,-83.043,2.9,0,2,0,2,2016-02-14T10:38:01.999998,-999.000,-999.000,-1,-1, 2, 0,2,0
712,-999.000,-999.000,257,18.0,0.3,-999.0,0.3,-999.0, 9.080,-84.132,3.2,1,0,1,0,2016-02-19T16:32:23.000000,-999.000,-999.000,-1,-1, 0, 1,0,1
713,-999.000,-999.000,254,24.0,0.1,-999.0,0.1,-999.0, 9.493,-83.786,2.5,1,0,1,0,2016-02-08T23:24:54.000001,-999.000,-999.000,-1,-1, 0, 1,0,1
714,-999.000,-999.000,255,16.0,0.7,-999.0,0.7,-999.0, 9.385,-84.400,3.3,1,0,1,0,2016-02-13T04:20:39.000002,-999.000,-999.000,-1,-1, 0, 1,0,1
715,-999.000,-999.000,499,17.0,-999.0,0.1,-999.0,0.1, 8.551,-82.924,3.3,0,1,0,1,2018-06-03T18:09:05.999997,-999.000,-999.000,-1,-1, 1, 0,1,0
716,-999.000,-999.000,157,28.0,0.3,-999.0,0.3,-999.0, 8.231,-82.839,3.3,3,0,3,0,2015-03-10T23:15:51.999997,-999.000,-999.000,5,5, 0, 3,0,3
717,-999.000,-999.000,156,4.0,0.4,-999.0,0.4,-999.0, 9.334,-83.371,3.1,1,0,1,0,2015-03-08T18:28:59.999998,-999.000,-999.000,-1,-1, 0, 1,0,1
718,-999.000,-999.000,939,20.0,0.7,-999.0,0.7,-999.0, 9.436,-82.651,3.5,1,0,1,0,2021-02-06T18:52:27.000000,-999.000,-999.000,-1,-1, 0, 1,0,1
719,-999.000,-999.000,731,12.0,0.3,0.5,0.3,0.5, 8.919,-84.077,3.0,1,1,1,1,2019-12-10T18:24:51.999999,-999.000,-999.000,-1,-1, 1, 1,1,1
720,-999.000,-999.000,730,34.0,2.6,-999.0,2.6,-999.0,10.003,-85.836,5.4,4,0,4,0,2019-12-08T18:31:40.000001,-999.000,-999.000,1,1, 0, 0,0,0
721,-999.000,-999.000,733,43.0,0.7,-999.0,0.7,-999.0, 8.595,-82.996,4.5,2,0,2,0,2019-12-15T15:28:02.000003,-999.000,-999.000,-1,-1, 0, 2,0,2
722,-999.000,-999.000,938,18.0,0.8,-999.0,0.8,-999.0, 9.450,-83.564,3.4,2,0,2,0,2021-02-06T05:41:16.999999,-999.000,-999.000,-1,-1, 0, 2,0,2
723,-999.000,-999.000,735,18.0,-999.0,-999.0,-999.0,-999.0, 8.637,-83.754,2.4,1,0,1,0,2019-12-17T04:41:51.000000,-999.000,-999.000,-1,-1, 0, 1,0,1
724,-999.000,-999.000,734,18.0,0.1,-999.0,0.1,-999.0, 8.921,-82.906,2.5,1,0,1,0,2019-12-16T02:10:53.000003,-999.000,-999.000,-1,-1, 0, 1,0,1
725,-999.000,-999.000,508,21.0,0.3,-999.0,0.3,-999.0, 9.796,-82.765,3.6,3,0,3,0,2018-06-20T04:35:39.999997,-999.000,-999.000,5,5, 0, 3,0,3
726,-999.000,-999.000,736,7.0,0.3,-999.0,0.3,-999.0, 8.911,-84.096,4.8,7,0,7,0,2019-12-18T10:57:40.999999,-999.000,-999.000,2,2, 0, 2,0,2
727,-999.000,-999.000,1032,23.0,-999.0,0.6,-999.0,0.6, 9.358,-84.651,3.0,0,1,0,1,2021-05-19T14:34:59.999998,-999.000,-999.000,-1,-1, 1, 0,1,0
728,-999.000,-999.000,738,21.0,-999.0,0.2,-999.0,0.2,10.393,-85.979,2.6,0,1,0,1,2019-12-19T19:32:39.999998,-999.000,-999.000,-1,-1, 1, 0,1,0
729,-999.000,-999.000,1030,22.0,2.0,-999.0,2.0,-999.0, 8.909,-82.906,4.6,2,0,2,0,2021-05-17T21:01:58.000003,-999.000,-999.000,-1,-1, 0, 1,0,1
730,-999.000,-999.000,505,1.0,0.2,0.1,0.2,0.1, 8.868,-84.105,2.7,1,1,1,1,2018-06-16T04:31:01.000002,-999.000,-999.000,-1,-1, 1, 1,1,1
731,-999.000,-999.000,502,52.0,0.9,-999.0,0.9,-999.0, 8.605,-83.381,4.0,1,0,1,0,2018-06-11T21:15:26.999999,-999.000,-999.000,-1,-1, 0, 1,0,1
732,-999.000,-999.000,503,14.0,0.4,-999.0,0.4,-999.0, 9.871,-83.457,4.3,4,0,4,0,2018-06-15T06:45:14.999999,-999.000,-999.000,0,0, 0, 4,0,4
733,-999.000,-999.000,500,64.0,-999.0,0.3,-999.0,0.3, 9.361,-84.609,2.8,0,1,0,1,2018-06-10T02:53:14.999997,-999.000,-999.000,-1,-1, 1, 0,1,0
734,-999.000,-999.000,501,21.0,0.1,-999.0,0.1,-999.0, 9.472,-84.425,2.6,1,0,1,0,2018-06-11T02:02:50.999999,-999.000,-999.000,-1,-1, 0, 1,0,1
735,-999.000,-999.000,630,15.0,0.6,-999.0,0.6,-999.0, 9.668,-84.894,3.0,1,0,1,0,2019-04-07T05:33:22.999998,-999.000,-999.000,-1,-1, 0, 1,0,1
736,-999.000,-999.000,631,16.0,0.3,-999.0,0.3,-999.0, 8.300,-82.908,3.5,1,0,1,0,2019-04-13T10:32:39.999997,-999.000,-999.000,-1,-1, 0, 1,0,1
737,-999.000,-999.000,632,24.0,1.1,-999.0,1.1,-999.0, 8.690,-83.246,3.5,1,0,1,0,2019-04-14T08:30:33.000002,-999.000,-999.000,-1,-1, 0, 1,0,1
738,-999.000,-999.000,633,23.0,0.3,0.5,0.3,0.5, 8.626,-83.239,2.9,1,1,1,1,2019-04-16T22:37:40.000000,-999.000,-999.000,-1,-1, 1, 1,1,1
739,-999.000,-999.000,469,66.0,0.6,-999.0,0.6,-999.0, 9.829,-84.110,3.0,1,0,1,0,2018-02-24T04:03:44.000001,-999.000,-999.000,-1,-1, 0, 1,0,1
740,-999.000,-999.000,468,30.0,0.4,-999.0,0.4,-999.0, 9.280,-83.706,3.7,1,0,1,0,2018-01-21T14:14:48.999999,-999.000,-999.000,-1,-1, 0, 1,0,1
741,-999.000,-999.000,636,29.0,0.2,-999.0,0.2,-999.0, 8.262,-82.789,3.5,1,0,1,0,2019-04-24T01:19:12.999998,-999.000,-999.000,-1,-1, 0, 1,0,1
742,-999.000,-999.000,637,7.0,0.8,0.6,0.8,0.6, 8.377,-83.045,4.3,11,7,12,7,2019-04-29T05:15:50.000002,-999.000,-999.000,1,1, 7, 12,7,11
743,-999.000,-999.000,465,33.0,-999.0,-999.0,-999.0,-999.0, 8.526,-83.029,2.6,1,0,1,0,2018-02-19T19:25:43.000002,-999.000,-999.000,-1,-1, 0, 1,0,1
744,-999.000,-999.000,464,30.0,0.8,-999.0,0.8,-999.0, 8.178,-82.743,4.3,3,0,3,0,2018-02-19T06:07:44.000003,-999.000,-999.000,1,1, 0, 3,0,3
745,-999.000,-999.000,467,10.0,1.3,0.9,1.3,0.9, 9.839,-84.340,3.7,1,1,1,1,2018-02-24T14:54:35.999998,-999.000,-999.000,-1,-1, 1, 1,1,1
746,-999.000,-999.000,466,34.0,2.0,-999.0,2.0,-999.0, 9.014,-83.975,5.0,5,0,5,0,2018-02-24T10:26:47.000003,-999.000,-999.000,1,1, 0, 1,0,1
747,-999.000,-999.000,461,32.0,1.5,-999.0,1.5,-999.0, 8.809,-82.849,4.2,1,0,1,0,2018-02-12T05:31:05.000004,-999.000,-999.000,-1,-1, 0, 1,0,1
748,-999.000,-999.000,900,21.0,-999.0,-999.0,-999.0,-999.0, 8.471,-83.068,3.4,1,1,1,1,2020-11-23T11:23:18.999997,-999.000,-999.000,-1,-1, 1, 1,1,1
749,-999.000,-999.000,463,21.0,0.2,-999.0,0.2,-999.0, 9.450,-84.442,2.6,1,0,1,0,2018-02-18T19:41:08.999998,-999.000,-999.000,-1,-1, 0, 1,0,1
750,-999.000,-999.000,462,14.0,-999.0,0.9,-999.0,0.9, 7.994,-82.932,4.3,0,1,0,1,2018-02-14T02:39:26.999999,-999.000,-999.000,-1,-1, 1, 0,1,0
751,-999.000,-999.000,901,5.0,-999.0,0.1,-999.0,0.1, 9.271,-84.367,2.7,0,1,0,1,2020-11-23T20:18:22.000000,-999.000,-999.000,-1,-1, 1, 0,1,0
752,-999.000,-999.000,168,18.0,1.2,0.2,1.0,0.2, 9.506,-83.754,5.1,18,1,20,1,2015-04-03T18:42:34.000001,-999.000,-999.000,2,2, 1, 7,1,6
753,-999.000,-999.000,169,13.0,0.4,-999.0,0.4,-999.0, 8.483,-83.246,3.1,1,0,1,0,2015-04-10T10:50:40.999999,-999.000,-999.000,-1,-1, 0, 1,0,1
754,-999.000,-999.000,164,23.0,-999.0,-999.0,-999.0,-999.0, 9.153,-84.112,2.6,1,0,1,0,2015-03-30T03:28:38.000000,-999.000,-999.000,-1,-1, 0, 1,0,1
755,-999.000,-999.000,165,7.0,0.2,-999.0,0.2,-999.0, 8.950,-82.889,3.0,1,0,1,0,2015-03-30T10:02:20.999998,-999.000,-999.000,-1,-1, 0, 1,0,1
756,-999.000,-999.000,166,8.0,1.4,-999.0,1.4,-999.0,10.162,-84.154,4.4,2,0,2,0,2015-03-31T09:09:21.999997,-999.000,-999.000,-1,-1, 0, 2,0,2
757,-999.000,-999.000,167,60.0,1.2,-999.0,1.2,-999.0, 8.659,-82.965,3.6,1,0,1,0,2015-04-03T05:58:47.999999,-999.000,-999.000,-1,-1, 0, 1,0,1
758,-999.000,-999.000,160,52.0,0.6,-999.0,0.6,-999.0, 8.464,-82.730,3.5,1,0,1,0,2015-03-16T07:40:29.999998,-999.000,-999.000,-1,-1, 0, 1,0,1
759,-999.000,-999.000,161,3.0,-999.0,0.1,-999.0,0.1,10.198,-84.118,2.5,0,1,0,1,2015-03-19T04:05:54.999998,-999.000,-999.000,-1,-1, 1, 0,1,0
760,-999.000,-999.000,162,12.0,0.4,-999.0,0.4,-999.0, 8.639,-83.824,3.4,1,0,1,0,2015-03-23T05:55:03.000002,-999.000,-999.000,-1,-1, 0, 1,0,1
761,-999.000,-999.000,163,0.0,-999.0,-999.0,-999.0,-999.0, 8.717,-82.924,2.8,1,0,1,0,2015-03-24T19:42:46.000002,-999.000,-999.000,-1,-1, 0, 1,0,1
762,-999.000,-999.000,964,8.0,-999.0,-999.0,-999.0,-999.0, 9.337,-83.284,2.5,1,0,1,0,2021-03-04T07:45:50.000001,-999.000,-999.000,-1,-1, 0, 1,0,1
763,-999.000,-999.000,965,9.0,1.2,-999.0,1.2,-999.0, 9.588,-83.642,3.8,2,0,2,0,2021-03-04T15:03:49.999999,-999.000,-999.000,-1,-1, 0, 2,0,2
764,-999.000,-999.000,966,20.0,-999.0,0.1,-999.0,0.1, 9.609,-84.643,2.6,0,1,0,1,2021-03-06T08:46:16.000001,-999.000,-999.000,-1,-1, 1, 0,1,0
765,-999.000,-999.000,967,61.0,-999.0,0.9,-999.0,0.9, 9.551,-83.936,3.4,0,1,0,1,2021-03-06T11:43:11.000000,-999.000,-999.000,-1,-1, 1, 0,1,0
766,-999.000,-999.000,960,4.0,1.7,0.8,1.7,0.8, 9.755,-84.029,4.1,1,1,1,1,2021-03-02T07:48:53.999998,-999.000,-999.000,-1,-1, 1, 1,1,1
767,-999.000,-999.000,961,38.0,1.2,-999.0,1.2,-999.0, 9.209,-83.877,4.2,3,0,3,0,2021-03-02T12:59:12.000001,-999.000,-999.000,1,1, 0, 3,0,3
768,-999.000,-999.000,962,3.0,0.1,-999.0,0.1,-999.0, 9.661,-83.852,2.8,2,0,2,0,2021-03-03T01:10:59.999999,-999.000,-999.000,-1,-1, 0, 2,0,2
769,-999.000,-999.000,963,17.0,-999.0,0.1,-999.0,0.1, 9.305,-83.237,2.7,0,1,0,1,2021-03-03T10:14:02.000003,-999.000,-999.000,-1,-1, 1, 0,1,0
770,-999.000,-999.000,1039,23.0,-999.0,0.4,-999.0,0.4, 9.634,-84.938,2.9,0,1,0,1,2021-05-26T03:56:30.999999,-999.000,-999.000,-1,-1, 1, 0,1,0
771,-999.000,-999.000,783,7.0,0.5,-999.0,0.5,-999.0, 9.743,-83.388,2.9,1,0,1,0,2020-02-28T09:11:11.999998,-999.000,-999.000,-1,-1, 0, 1,0,1
772,-999.000,-999.000,968,15.0,0.7,-999.0,0.7,-999.0, 9.062,-84.167,3.1,1,0,1,0,2021-03-06T15:36:21.000002,-999.000,-999.000,-1,-1, 0, 1,0,1
773,-999.000,-999.000,969,16.0,-999.0,0.2,-999.0,0.2, 9.531,-84.507,2.8,0,1,0,1,2021-03-07T15:37:24.000002,-999.000,-999.000,-1,-1, 1, 0,1,0
774,-999.000,-999.000,936,21.0,0.3,-999.0,0.3,-999.0, 9.499,-84.864,4.2,6,0,11,0,2021-01-31T22:30:54.000000,-999.000,-999.000,2,2, 0, 11,0,6
775,-999.000,-999.000,935,18.0,-999.0,-999.0,-999.0,-999.0, 8.346,-82.978,2.5,1,0,1,0,2021-01-31T00:22:30.999997,-999.000,-999.000,-1,-1, 0, 1,0,1
776,-999.000,-999.000,934,15.0,0.4,0.5,0.4,0.5, 8.107,-82.919,5.4,38,11,41,11,2021-01-29T13:14:40.999998,-999.000,-999.000,5,5, 7, 13,7,13
777,-999.000,-999.000,908,9.0,0.6,-999.0,0.6,-999.0, 8.671,-83.743,3.8,1,0,1,0,2020-12-09T01:41:21.000003,-999.000,-999.000,-1,-1, 0, 1,0,1
778,-999.000,-999.000,909,19.0,-999.0,0.3,-999.0,0.3, 9.545,-84.813,3.0,0,2,0,2,2020-12-12T00:33:33.000002,-999.000,-999.000,-1,-1, 2, 0,2,0
779,-999.000,-999.000,722,25.0,-999.0,-999.0,-999.0,-999.0, 8.236,-82.824,2.9,1,0,1,0,2019-11-26T22:28:41.000001,-999.000,-999.000,-1,-1, 0, 1,0,1
780,-999.000,-999.000,678,20.0,0.1,-999.0,0.1,-999.0, 9.456,-83.818,2.5,1,0,1,0,2019-08-18T04:14:30.999999,-999.000,-999.000,-1,-1, 0, 1,0,1
781,-999.000,-999.000,679,20.0,0.8,0.4,0.8,0.4, 9.428,-84.566,3.7,1,1,1,1,2019-08-26T18:41:28.000000,-999.000,-999.000,-1,-1, 1, 1,1,1
782,-999.000,-999.000,426,14.0,0.6,-999.0,0.6,-999.0, 9.554,-84.945,3.5,2,0,2,0,2017-12-12T01:08:14.000002,-999.000,-999.000,-1,-1, 0, 2,0,2
783,-999.000,-999.000,878,0.0,0.2,-999.0,0.2,-999.0, 8.470,-83.011,4.5,2,0,2,0,2020-09-25T06:09:17.000003,-999.000,-999.000,-1,-1, 0, 1,0,1
784,-999.000,-999.000,879,24.0,1.7,-999.0,1.7,-999.0, 8.229,-82.788,4.6,3,0,3,0,2020-09-25T23:37:50.000000,-999.000,-999.000,1,1, 0, 3,0,3
785,-999.000,-999.000,876,16.0,0.2,0.4,0.2,0.4, 8.733,-83.469,2.8,1,1,1,1,2020-09-19T23:59:05.000000,-999.000,-999.000,-1,-1, 1, 1,1,1
786,-999.000,-999.000,877,16.0,0.9,-999.0,0.9,-999.0, 9.966,-83.574,4.4,1,0,1,0,2020-09-16T10:37:52.000002,-999.000,-999.000,-1,-1, 0, 1,0,1
787,-999.000,-999.000,874,17.0,-999.0,-999.0,-999.0,-999.0, 8.249,-83.158,2.5,1,0,1,0,2020-09-19T03:14:06.000000,-999.000,-999.000,-1,-1, 0, 1,0,1
788,-999.000,-999.000,875,20.0,-999.0,-999.0,-999.0,0.2, 8.247,-82.736,2.8,0,0,0,1,2020-09-19T14:05:18.000001,-999.000,-999.000,-1,-1, 1, 0,0,0
789,-999.000,-999.000,872,18.0,0.7,-999.0,0.7,-999.0, 9.381,-83.376,3.4,1,0,1,0,2020-09-13T16:07:28.999999,-999.000,-999.000,-1,-1, 0, 1,0,1
790,-999.000,-999.000,873,26.0,0.4,0.6,0.4,0.6, 8.146,-82.895,3.7,1,1,1,1,2020-09-16T22:08:21.999998,-999.000,-999.000,-1,-1, 1, 1,1,1
791,-999.000,-999.000,870,15.0,0.4,-999.0,0.4,-999.0, 9.298,-83.692,2.8,1,0,1,0,2020-09-11T16:50:23.000002,-999.000,-999.000,-1,-1, 0, 1,0,1
792,-999.000,-999.000,871,22.0,1.5,-999.0,1.5,-999.0, 8.276,-82.841,3.9,1,0,1,0,2020-09-11T14:13:24.000003,-999.000,-999.000,-1,-1, 0, 1,0,1
793,-999.000,-999.000,723,17.0,0.5,-999.0,0.5,-999.0, 8.224,-82.891,3.2,1,0,1,0,2019-11-27T22:12:28.000002,-999.000,-999.000,-1,-1, 0, 1,0,1
794,-999.000,-999.000,9,52.0,0.8,-999.0,0.8,-999.0, 8.721,-83.141,3.5,1,0,1,0,2014-02-05T10:53:27.999998,-999.000,-999.000,-1,-1, 0, 1,0,1
795,-999.000,-999.000,890,31.0,1.2,-999.0,1.2,-999.0,10.908,-85.818,3.6,1,0,1,0,2020-10-24T06:04:12.000003,-999.000,-999.000,-1,-1, 0, 1,0,1
796,-999.000,-999.000,891,0.0,-999.0,0.4,-999.0,0.4,10.069,-83.815,3.0,0,1,0,1,2020-10-25T10:19:27.999997,-999.000,-999.000,-1,-1, 1, 0,1,0
797,-999.000,-999.000,892,13.0,1.3,-999.0,1.3,-999.0, 9.008,-84.228,4.0,4,0,4,0,2020-10-27T22:17:31.999997,-999.000,-999.000,1,1, 0, 4,0,4
798,-999.000,-999.000,893,28.0,0.4,-999.0,0.4,-999.0, 8.386,-82.853,2.8,1,0,1,0,2020-11-02T01:52:53.000003,-999.000,-999.000,-1,-1, 0, 1,0,1
799,-999.000,-999.000,894,45.0,1.6,-999.0,1.6,-999.0, 8.230,-82.680,4.1,2,0,2,0,2020-11-03T15:14:04.999998,-999.000,-999.000,-1,-1, 0, 2,0,2
800,-999.000,-999.000,647,4.0,-999.0,0.4,-999.0,0.4, 9.689,-83.775,2.8,0,1,0,1,2019-05-24T03:46:32.000000,-999.000,-999.000,-1,-1, 1, 0,1,0
801,-999.000,-999.000,896,15.0,0.1,-999.0,0.1,-999.0, 9.003,-84.206,3.5,3,0,3,0,2020-11-13T20:06:53.000003,-999.000,-999.000,3,3, 0, 3,0,3
802,-999.000,-999.000,897,18.0,0.1,-999.0,0.1,-999.0, 9.459,-84.664,3.3,3,0,3,0,2020-11-16T19:06:22.000001,-999.000,-999.000,3,3, 0, 3,0,3
803,-999.000,-999.000,898,13.0,0.1,-999.0,0.1,-999.0, 8.572,-83.163,2.8,1,0,1,0,2020-11-17T00:23:25.999998,-999.000,-999.000,-1,-1, 0, 1,0,1
804,-999.000,-999.000,899,17.0,1.3,-999.0,1.3,-999.0, 8.309,-83.026,3.8,1,0,1,0,2020-11-21T00:57:53.000002,-999.000,-999.000,-1,-1, 0, 1,0,1
805,-999.000,-999.000,1087,0.0,-999.0,-999.0,0.2,-999.0, 9.456,-84.447,2.7,0,0,1,0,2020-11-02T12:59:40.000002,-999.000,-999.000,-1,-1, 0, 1,0,0
806,-999.000,-999.000,646,16.0,1.2,-999.0,1.2,-999.0, 9.470,-84.595,3.6,1,0,1,0,2019-05-19T12:35:09.000003,-999.000,-999.000,-1,-1, 0, 1,0,1
807,-999.000,-999.000,671,13.0,0.3,-999.0,0.3,-999.0, 9.049,-84.180,3.4,2,0,2,0,2019-07-16T12:42:06.999998,-999.000,-999.000,-1,-1, 0, 2,0,2
808,-999.000,-999.000,649,33.0,-999.0,0.6,-999.0,0.6, 9.685,-84.430,4.0,0,1,0,1,2019-05-28T08:10:41.000003,-999.000,-999.000,-1,-1, 1, 0,1,0
809,-999.000,-999.000,648,24.0,-999.0,-999.0,0.3,-999.0, 9.164,-83.895,2.8,0,0,1,0,2015-07-27T06:42:25.000003,-999.000,-999.000,-1,-1, 0, 1,0,0
810,-999.000,-999.000,1086,22.0,0.4,-999.0,0.4,-999.0, 9.658,-84.865,2.8,1,0,1,0,2021-08-30T05:50:28.999997,-999.000,-999.000,-1,-1, 0, 1,0,1
811,-999.000,-999.000,357,12.0,0.8,-999.0,0.8,-999.0, 8.668,-83.340,3.3,1,0,1,0,2017-05-06T22:27:03.999997,-999.000,-999.000,-1,-1, 0, 1,0,1
812,-999.000,-999.000,356,15.0,0.2,-999.0,0.2,-999.0, 8.692,-83.346,2.7,1,0,1,0,2017-05-05T16:16:29.999997,-999.000,-999.000,-1,-1, 0, 1,0,1
813,-999.000,-999.000,809,9.0,-999.0,0.1,-999.0,0.1, 8.913,-84.090,2.9,0,2,0,2,2020-04-17T08:28:01.000002,-999.000,-999.000,-1,-1, 2, 0,2,0
814,-999.000,-999.000,808,2.0,0.7,1.1,0.7,1.1, 9.580,-84.925,3.5,3,1,3,1,2020-04-16T15:44:12.000000,-999.000,-999.000,1,1, 1, 3,1,3
815,-999.000,-999.000,353,25.0,1.0,-999.0,1.0,-999.0,10.078,-85.679,4.3,2,0,2,0,2017-04-19T08:56:53.000001,-999.000,-999.000,-1,-1, 0, 2,0,2
816,-999.000,-999.000,352,14.0,0.7,-999.0,0.7,-999.0, 9.285,-83.643,4.3,1,0,1,0,2017-04-14T01:37:42.000002,-999.000,-999.000,-1,-1, 0, 1,0,1
817,-999.000,-999.000,351,20.0,-999.0,-999.0,-999.0,0.1, 8.982,-82.833,2.7,0,0,0,1,2017-04-15T23:59:18.000003,-999.000,-999.000,-1,-1, 1, 0,0,0
818,-999.000,-999.000,350,29.0,-999.0,0.1,-999.0,0.1, 8.278,-82.771,2.7,0,1,0,1,2017-04-15T18:38:32.999999,-999.000,-999.000,-1,-1, 1, 0,1,0
819,-999.000,-999.000,803,23.0,1.4,-999.0,1.4,-999.0, 8.664,-83.249,3.9,1,0,1,0,2020-04-01T12:40:14.999999,-999.000,-999.000,-1,-1, 0, 1,0,1
820,-999.000,-999.000,802,21.0,0.3,-999.0,0.3,-999.0, 9.625,-84.876,2.7,1,0,1,0,2020-04-01T12:10:57.000001,-999.000,-999.000,-1,-1, 0, 1,0,1
821,-999.000,-999.000,801,15.0,-999.0,0.1,-999.0,0.1, 9.505,-84.843,2.7,0,1,0,1,2020-03-30T17:20:37.999998,-999.000,-999.000,-1,-1, 1, 0,1,0
822,-999.000,-999.000,800,4.0,0.2,-999.0,0.2,-999.0, 9.622,-83.581,2.6,1,0,1,0,2020-03-28T18:49:17.000003,-999.000,-999.000,-1,-1, 0, 1,0,1
823,-999.000,-999.000,807,15.0,0.5,0.1,0.5,0.1, 9.604,-84.969,2.9,1,1,1,1,2020-04-16T09:04:01.000003,-999.000,-999.000,-1,-1, 1, 1,1,1
824,-999.000,-999.000,806,6.0,0.3,-999.0,0.3,-999.0, 9.176,-84.281,2.7,1,0,1,0,2020-04-11T12:24:46.000000,-999.000,-999.000,-1,-1, 0, 1,0,1
825,-999.000,-999.000,805,20.0,-999.0,0.4,-999.0,0.4, 8.589,-83.308,3.5,0,1,0,1,2020-04-08T00:02:23.999999,-999.000,-999.000,-1,-1, 1, 0,1,0
826,-999.000,-999.000,804,47.0,0.7,-999.0,0.7,-999.0, 9.291,-83.912,3.6,2,0,2,0,2020-04-05T06:13:41.999999,-999.000,-999.000,-1,-1, 0, 2,0,2
827,-999.000,-999.000,216,23.0,0.7,-999.0,0.7,-999.0, 8.259,-82.763,3.6,1,0,1,0,2015-09-24T15:36:07.999998,-999.000,-999.000,-1,-1, 0, 1,0,1
828,-999.000,-999.000,217,13.0,-999.0,0.2,-999.0,0.2, 9.845,-84.357,2.9,0,2,0,2,2015-10-02T10:41:18.999999,-999.000,-999.000,-1,-1, 2, 0,2,0
829,-999.000,-999.000,768,3.0,0.1,-999.0,0.1,-999.0, 9.647,-83.805,2.5,1,0,1,0,2020-01-25T21:08:55.000000,-999.000,-999.000,-1,-1, 0, 1,0,1
830,-999.000,-999.000,769,14.0,0.5,-999.0,0.5,-999.0,10.360,-83.919,3.4,1,0,1,0,2020-01-14T15:34:39.999997,-999.000,-999.000,-1,-1, 0, 1,0,1
831,-999.000,-999.000,212,31.0,1.6,0.5,1.6,0.5, 8.335,-82.787,4.8,2,1,2,1,2015-09-19T03:05:09.999999,-999.000,-999.000,1,1, 1, 2,1,2
832,-999.000,-999.000,213,19.0,0.9,-999.0,0.9,-999.0, 8.872,-84.148,3.6,3,0,4,0,2015-09-20T23:59:08.000001,-999.000,-999.000,1,1, 0, 4,0,3
833,-999.000,-999.000,210,32.0,0.6,-999.0,0.6,-999.0,10.317,-85.776,3.4,1,0,1,0,2015-09-08T06:33:42.000000,-999.000,-999.000,-1,-1, 0, 1,0,1
834,-999.000,-999.000,211,22.0,1.2,-999.0,1.2,-999.0, 9.398,-83.688,3.6,1,0,1,0,2015-09-08T17:37:52.999999,-999.000,-999.000,-1,-1, 0, 1,0,1
835,-999.000,-999.000,763,21.0,1.2,-999.0,1.2,-999.0, 8.898,-82.899,3.8,3,0,3,0,2020-01-22T15:52:25.000003,-999.000,-999.000,1,1, 0, 3,0,3
836,-999.000,-999.000,760,13.0,-999.0,-999.0,-999.0,0.2, 8.948,-84.093,2.8,0,0,0,1,2020-01-21T12:36:08.000002,-999.000,-999.000,-1,-1, 1, 0,0,0
837,-999.000,-999.000,766,43.0,-999.0,-999.0,-999.0,0.6, 8.539,-82.884,3.4,0,0,0,1,2020-01-24T06:36:41.000001,-999.000,-999.000,-1,-1, 1, 0,0,0
838,-999.000,-999.000,767,18.0,0.2,-999.0,0.2,-999.0, 9.592,-84.656,3.5,1,0,1,0,2020-01-23T16:00:48.999997,-999.000,-999.000,-1,-1, 0, 1,0,1
839,-999.000,-999.000,764,4.0,-999.0,-999.0,-999.0,-999.0, 9.639,-83.802,2.6,2,0,2,0,2020-01-23T02:05:37.000003,-999.000,-999.000,-1,-1, 0, 2,0,2
840,-999.000,-999.000,765,16.0,-999.0,-999.0,-999.0,-999.0, 9.912,-84.215,2.4,1,0,1,0,2020-01-23T23:24:12.999996,-999.000,-999.000,-1,-1, 0, 1,0,1
841,-999.000,-999.000,40,27.0,0.1,-999.0,0.1,-999.0, 8.576,-83.255,2.7,1,0,1,0,2014-04-07T03:24:47.999999,-999.000,-999.000,-1,-1, 0, 1,0,1
842,-999.000,-999.000,41,24.0,0.5,-999.0,0.5,-999.0, 9.066,-83.785,3.4,1,0,1,0,2014-04-15T10:32:49.999999,-999.000,-999.000,-1,-1, 0, 1,0,1
843,-999.000,-999.000,1033,32.0,0.5,-999.0,0.5,-999.0, 9.526,-83.906,2.9,1,0,1,0,2021-05-20T19:58:59.999999,-999.000,-999.000,-1,-1, 0, 1,0,1
844,-999.000,-999.000,1078,21.0,2.1,-999.0,2.1,-999.0, 8.649,-82.879,4.7,1,0,1,0,2021-08-16T10:05:57.000001,-999.000,-999.000,-1,-1, 0, 0,0,0
845,-999.000,-999.000,1079,14.0,0.3,-999.0,0.3,-999.0, 9.005,-84.171,4.0,4,0,4,0,2021-08-17T14:04:25.999998,-999.000,-999.000,2,2, 0, 4,0,4
846,-999.000,-999.000,1076,17.0,-999.0,-999.0,1.2,-999.0, 9.415,-84.570,3.6,0,0,1,0,2016-11-22T15:41:23.000003,-999.000,-999.000,-1,-1, 0, 1,0,0
847,-999.000,-999.000,1077,33.0,-999.0,-999.0,-999.0,-999.0, 8.813,-82.821,2.4,1,0,1,0,2021-08-14T07:35:19.999998,-999.000,-999.000,-1,-1, 0, 1,0,1
848,-999.000,-999.000,1074,3.0,0.1,-999.0,0.1,-999.0, 9.515,-83.440,2.5,1,0,1,0,2021-08-09T17:30:24.999999,-999.000,-999.000,-1,-1, 0, 1,0,1
849,-999.000,-999.000,1075,22.0,0.1,-999.0,0.1,-999.0, 8.284,-82.924,2.6,1,0,1,0,2021-08-12T01:17:52.999998,-999.000,-999.000,-1,-1, 0, 1,0,1
850,-999.000,-999.000,1072,25.0,-999.0,0.8,-999.0,0.8, 8.266,-82.799,3.2,0,1,0,1,2021-08-07T02:34:23.000000,-999.000,-999.000,-1,-1, 1, 0,1,0
851,-999.000,-999.000,1073,28.0,-999.0,0.5,-999.0,0.5, 8.544,-83.022,2.9,0,1,0,1,2021-08-08T19:34:22.999997,-999.000,-999.000,-1,-1, 1, 0,1,0
852,-999.000,-999.000,1070,18.0,0.5,-999.0,0.5,-999.0, 9.653,-84.784,3.0,1,0,1,0,2021-08-01T13:29:02.999998,-999.000,-999.000,-1,-1, 0, 1,0,1
853,-999.000,-999.000,1071,25.0,0.2,-999.0,0.2,-999.0, 8.895,-82.887,3.0,1,0,1,0,2021-08-01T13:08:27.999997,-999.000,-999.000,-1,-1, 0, 1,0,1
854,-999.000,-999.000,289,11.0,-999.0,-999.0,-999.0,-999.0, 8.928,-84.108,4.2,1,0,1,0,2016-07-23T05:26:34.000002,-999.000,-999.000,-1,-1, 0, 1,0,1
855,-999.000,-999.000,288,18.0,0.4,-999.0,0.4,-999.0, 9.900,-84.202,2.9,1,0,1,0,2016-07-21T04:28:33.000000,-999.000,-999.000,-1,-1, 0, 1,0,1
856,-999.000,-999.000,1003,0.0,-999.0,-999.0,-999.0,-999.0, 9.076,-84.148,2.6,2,0,2,0,2021-04-19T10:38:46.000002,-999.000,-999.000,-1,-1, 0, 2,0,2
857,-999.000,-999.000,4,21.0,0.4,-999.0,0.4,-999.0, 9.622,-84.915,3.1,1,0,1,0,2014-01-22T02:36:18.000003,-999.000,-999.000,-1,-1, 0, 1,0,1
858,-999.000,-999.000,281,30.0,1.1,-999.0,1.1,-999.0, 8.289,-82.871,4.5,5,0,5,0,2016-06-15T18:17:02.999999,-999.000,-999.000,1,1, 0, 5,0,5
859,-999.000,-999.000,280,42.0,0.7,-999.0,0.7,-999.0, 9.178,-83.915,3.2,1,0,1,0,2016-06-15T03:16:49.999997,-999.000,-999.000,-1,-1, 0, 1,0,1
860,-999.000,-999.000,283,10.0,0.8,-999.0,0.8,-999.0, 9.957,-85.665,3.3,1,0,1,0,2016-06-25T00:07:23.000002,-999.000,-999.000,-1,-1, 0, 1,0,1
861,-999.000,-999.000,282,30.0,0.3,-999.0,0.3,-999.0, 9.009,-84.098,2.8,1,0,1,0,2016-06-20T02:24:46.000000,-999.000,-999.000,-1,-1, 0, 1,0,1
862,-999.000,-999.000,285,13.0,0.3,-999.0,0.3,-999.0,10.779,-85.062,5.2,6,0,6,0,2016-07-03T01:58:27.999998,-999.000,-999.000,2,2, 0, 4,0,4
863,-999.000,-999.000,284,16.0,1.0,0.6,1.0,0.6, 9.966,-85.686,4.0,7,1,7,1,2016-07-01T13:48:57.000002,-999.000,-999.000,1,1, 1, 7,1,7
864,-999.000,-999.000,287,28.0,1.0,-999.0,1.0,-999.0, 8.241,-82.942,3.7,1,0,1,0,2016-07-15T21:03:13.000002,-999.000,-999.000,-1,-1, 0, 1,0,1
865,-999.000,-999.000,286,1.0,0.2,-999.0,0.2,-999.0, 8.760,-83.433,2.7,1,0,1,0,2016-07-05T13:37:41.000003,-999.000,-999.000,-1,-1, 0, 1,0,1
866,-999.000,-999.000,1094,4.0,-999.0,-999.0,-999.0,-999.0,10.160,-83.936,2.9,2,3,2,3,2021-09-23T01:42:12.000000,-999.000,-999.000,4,4, 3, 2,3,2
867,-999.000,-999.000,1095,27.0,-999.0,-999.0,-999.0,-999.0, 9.025,-84.039,2.5,1,0,1,0,2021-09-29T00:28:57.000002,-999.000,-999.000,-1,-1, 0, 1,0,1
868,-999.000,-999.000,1096,20.0,-999.0,0.2,-999.0,0.2, 9.288,-82.701,2.6,0,1,0,1,2021-09-29T08:19:05.000001,-999.000,-999.000,-1,-1, 1, 0,1,0
869,-999.000,-999.000,1097,18.0,1.7,-999.0,1.7,-999.0, 8.321,-83.428,4.5,1,0,1,0,2021-09-29T19:10:31.999999,-999.000,-999.000,-1,-1, 0, 1,0,1
870,-999.000,-999.000,1090,23.0,1.6,1.4,1.6,1.4, 9.004,-83.948,4.8,5,2,5,2,2021-09-09T04:27:29.000001,-999.000,-999.000,1,1, 2, 2,2,2
871,-999.000,-999.000,1091,21.0,0.9,0.4,0.9,0.4, 9.374,-84.692,3.5,3,1,3,1,2021-09-12T01:20:18.999999,-999.000,-999.000,2,2, 1, 3,1,3
872,-999.000,-999.000,1092,32.0,1.8,-999.0,1.8,-999.0, 8.256,-82.618,4.4,1,0,1,0,2021-09-13T05:54:05.999999,-999.000,-999.000,-1,-1, 0, 1,0,1
873,-999.000,-999.000,1093,10.0,1.3,-999.0,1.3,-999.0,10.557,-85.543,4.8,1,0,1,0,2021-09-13T06:32:00.000003,-999.000,-999.000,-1,-1, 0, 1,0,1
874,-999.000,-999.000,674,18.0,0.7,-999.0,0.7,-999.0, 9.588,-84.807,3.2,1,0,1,0,2019-07-29T11:02:24.000001,-999.000,-999.000,-1,-1, 0, 1,0,1
875,-999.000,-999.000,675,37.0,-999.0,-999.0,0.1,-999.0, 9.188,-83.890,2.5,0,0,1,0,2014-08-29T16:23:30.000003,-999.000,-999.000,-1,-1, 0, 1,0,0
876,-999.000,-999.000,676,14.0,0.4,-999.0,0.4,-999.0, 9.060,-84.130,3.9,1,0,1,0,2019-08-08T12:11:01.000000,-999.000,-999.000,-1,-1, 0, 1,0,1
877,-999.000,-999.000,677,35.0,-999.0,0.2,-999.0,0.2, 9.567,-84.251,3.1,0,1,0,1,2019-08-12T09:54:42.000002,-999.000,-999.000,-1,-1, 1, 0,1,0
878,-999.000,-999.000,1098,14.0,0.3,-999.0,0.3,-999.0,10.561,-84.638,3.2,1,0,1,0,2021-10-03T12:28:18.000000,-999.000,-999.000,-1,-1, 0, 1,0,1
879,-999.000,-999.000,1099,21.0,1.0,0.5,1.0,0.5, 9.513,-84.871,3.9,3,2,3,2,2021-10-06T01:02:54.999998,-999.000,-999.000,1,1, 2, 3,2,3
880,-999.000,-999.000,672,2.0,-999.0,0.2,-999.0,0.2, 9.341,-83.349,2.7,0,1,0,1,2019-07-18T03:05:08.000001,-999.000,-999.000,-1,-1, 1, 0,1,0
881,-999.000,-999.000,673,21.0,-999.0,-999.0,-999.0,-999.0, 8.670,-83.243,2.4,1,0,1,0,2019-07-24T00:16:34.000000,-999.000,-999.000,-1,-1, 0, 1,0,1
882,-999.000,-999.000,263,15.0,1.4,0.2,1.4,0.2, 8.298,-83.041,4.0,4,1,4,1,2016-03-01T09:44:03.000000,-999.000,-999.000,2,2, 1, 4,1,4
883,-999.000,-999.000,262,0.0,0.6,-999.0,0.6,-999.0, 9.372,-82.725,3.1,1,0,1,0,2016-03-01T05:14:31.000001,-999.000,-999.000,-1,-1, 0, 1,0,1
884,-999.000,-999.000,261,14.0,-999.0,0.4,-999.0,0.4, 9.492,-84.832,3.7,0,2,0,2,2016-02-28T00:37:46.000002,-999.000,-999.000,-1,-1, 2, 0,2,0
885,-999.000,-999.000,260,29.0,0.8,-999.0,0.8,-999.0, 8.280,-82.816,3.3,1,0,1,0,2016-02-25T12:28:17.999997,-999.000,-999.000,-1,-1, 0, 1,0,1
886,-999.000,-999.000,267,19.0,0.7,-999.0,0.7,-999.0, 9.442,-84.617,4.1,2,0,2,0,2016-03-17T19:56:28.000002,-999.000,-999.000,-1,-1, 0, 2,0,2
887,-999.000,-999.000,266,27.0,0.5,-999.0,0.5,-999.0, 9.115,-84.035,3.0,1,0,1,0,2016-03-16T07:07:40.000002,-999.000,-999.000,-1,-1, 0, 1,0,1
888,-999.000,-999.000,265,18.0,1.0,-999.0,1.0,-999.0, 8.990,-82.897,3.7,1,0,1,0,2016-03-15T11:33:42.000000,-999.000,-999.000,-1,-1, 0, 1,0,1
889,-999.000,-999.000,264,8.0,0.7,-999.0,0.7,-999.0, 9.832,-82.972,3.5,1,0,1,0,2016-03-02T01:11:43.999999,-999.000,-999.000,-1,-1, 0, 1,0,1
890,-999.000,-999.000,269,20.0,0.6,-999.0,0.6,-999.0, 9.457,-84.578,3.9,1,0,1,0,2016-04-12T13:11:15.999998,-999.000,-999.000,-1,-1, 0, 1,0,1
891,-999.000,-999.000,268,21.0,0.2,-999.0,0.2,-999.0, 8.679,-83.702,2.7,1,0,1,0,2016-03-24T01:38:14.999998,-999.000,-999.000,-1,-1, 0, 1,0,1
892,-999.000,-999.000,478,13.0,1.1,-999.0,1.1,-999.0, 9.419,-84.533,4.2,1,0,1,0,2018-04-01T00:25:35.000002,-999.000,-999.000,-1,-1, 0, 1,0,1
893,-999.000,-999.000,59,58.0,0.9,-999.0,0.9,-999.0, 9.437,-83.859,3.6,1,0,1,0,2014-05-17T02:25:22.000000,-999.000,-999.000,-1,-1, 0, 1,0,1
894,-999.000,-999.000,58,1.0,-999.0,0.1,-999.0,0.1, 8.931,-84.117,3.0,0,1,0,1,2014-05-08T02:14:37.000000,-999.000,-999.000,-1,-1, 1, 0,1,0
895,-999.000,-999.000,55,4.0,0.6,-999.0,0.6,-999.0, 9.627,-84.118,3.0,1,0,1,0,2014-04-28T15:38:23.000000,-999.000,-999.000,-1,-1, 0, 1,0,1
896,-999.000,-999.000,54,4.0,0.1,-999.0,0.1,-999.0, 9.011,-84.188,2.5,1,0,1,0,2014-04-28T04:14:51.999997,-999.000,-999.000,-1,-1, 0, 1,0,1
897,-999.000,-999.000,57,26.0,-999.0,-999.0,-999.0,-999.0, 8.109,-82.942,3.6,1,0,1,0,2014-05-01T08:46:30.000002,-999.000,-999.000,-1,-1, 0, 1,0,1
898,-999.000,-999.000,56,14.0,0.5,-999.0,0.5,-999.0, 8.081,-83.015,3.6,1,0,1,0,2014-04-29T16:15:49.000002,-999.000,-999.000,-1,-1, 0, 1,0,1
899,-999.000,-999.000,51,5.0,0.2,-999.0,0.2,-999.0, 9.902,-83.582,3.0,1,0,1,0,2014-04-24T00:43:59.999997,-999.000,-999.000,-1,-1, 0, 1,0,1
900,-999.000,-999.000,258,21.0,2.7,-999.0,2.7,-999.0, 8.505,-83.680,5.2,1,0,1,0,2016-02-20T11:31:37.999998,-999.000,-999.000,-1,-1, 0, 0,0,0
901,-999.000,-999.000,53,3.0,0.5,-999.0,0.5,-999.0,10.018,-84.616,4.3,12,0,12,0,2014-04-25T09:27:29.000001,-999.000,-999.000,1,1, 0, 12,0,12
902,-999.000,-999.000,52,46.0,0.7,-999.0,0.7,-999.0, 9.527,-84.050,3.1,1,0,1,0,2014-04-25T01:53:20.999999,-999.000,-999.000,-1,-1, 0, 1,0,1
903,-999.000,-999.000,537,19.0,-999.0,0.7,-999.0,0.7, 9.502,-82.999,3.9,0,1,0,1,2018-08-15T07:01:21.999999,-999.000,-999.000,-1,-1, 1, 0,1,0
904,-999.000,-999.000,536,17.0,0.3,0.3,0.3,0.3, 9.463,-84.477,4.4,8,4,8,4,2018-08-15T06:15:11.999997,-999.000,-999.000,3,3, 2, 7,2,7
905,-999.000,-999.000,535,13.0,0.2,-999.0,0.2,-999.0, 9.440,-84.475,2.6,1,0,1,0,2018-08-09T16:40:15.000001,-999.000,-999.000,-1,-1, 0, 1,0,1
906,-999.000,-999.000,63,20.0,-999.0,0.8,-999.0,0.8, 8.609,-83.757,3.2,0,1,0,1,2014-06-15T00:51:34.999998,-999.000,-999.000,-1,-1, 1, 0,1,0
907,-999.000,-999.000,533,35.0,-999.0,-999.0,-999.0,-999.0, 8.328,-82.796,2.4,1,0,1,0,2018-08-05T07:00:59.999998,-999.000,-999.000,-1,-1, 0, 1,0,1
908,-999.000,-999.000,532,52.0,-999.0,0.2,-999.0,0.2, 9.273,-83.751,3.3,0,1,0,1,2018-08-03T15:46:20.000001,-999.000,-999.000,-1,-1, 1, 0,1,0
909,-999.000,-999.000,531,3.0,0.6,-999.0,0.6,-999.0, 9.458,-82.783,4.0,1,0,1,0,2018-08-03T03:37:55.000000,-999.000,-999.000,-1,-1, 0, 1,0,1
910,-999.000,-999.000,530,32.0,-999.0,-999.0,-999.0,-999.0, 9.415,-84.350,2.6,1,0,1,0,2018-08-03T02:43:18.999997,-999.000,-999.000,-1,-1, 0, 1,0,1
911,-999.000,-999.000,598,24.0,-999.0,0.4,-999.0,0.4, 8.847,-82.931,3.2,0,2,0,2,2019-02-06T11:02:11.000002,-999.000,-999.000,-1,-1, 2, 0,2,0
912,-999.000,-999.000,152,22.0,0.5,0.1,0.5,0.1, 9.940,-85.672,3.6,2,1,2,1,2015-02-27T11:08:48.999999,-999.000,-999.000,5,5, 1, 2,1,2
913,-999.000,-999.000,539,9.0,-999.0,-999.0,-999.0,-999.0, 8.963,-84.229,3.1,2,0,2,0,2018-08-17T12:16:03.000001,-999.000,-999.000,-1,-1, 0, 2,0,2
914,-999.000,-999.000,538,8.0,-999.0,-999.0,-999.0,-999.0, 9.363,-84.508,2.4,1,0,1,0,2018-08-16T21:25:12.000003,-999.000,-999.000,-1,-1, 0, 1,0,1
915,-999.000,-999.000,775,14.0,1.6,-999.0,1.6,-999.0, 8.985,-83.989,4.3,2,0,2,0,2020-02-15T17:10:15.000003,-999.000,-999.000,-1,-1, 0, 2,0,2
916,-999.000,-999.000,988,24.0,0.4,0.2,0.4,0.2, 9.594,-84.861,3.8,2,8,2,8,2021-04-10T05:16:54.999996,-999.000,-999.000,5,5, 8, 2,8,2
917,-999.000,-999.000,989,18.0,-999.0,-999.0,2.0,-999.0, 8.945,-84.057,4.5,0,0,1,0,2020-05-29T23:02:52.999998,-999.000,-999.000,-1,-1, 0, 1,0,0
918,-999.000,-999.000,774,53.0,0.2,-999.0,0.2,-999.0, 9.503,-84.120,2.7,1,0,1,0,2020-02-10T12:47:55.999997,-999.000,-999.000,-1,-1, 0, 1,0,1
919,-999.000,-999.000,982,10.0,1.0,-999.0,1.0,-999.0, 9.890,-84.062,3.7,2,0,2,0,2021-03-21T07:51:16.000003,-999.000,-999.000,-1,-1, 0, 2,0,2
920,-999.000,-999.000,983,39.0,0.9,1.0,0.9,1.0, 8.389,-82.855,4.8,6,1,6,1,2021-03-29T22:15:58.000003,-999.000,-999.000,1,1, 1, 4,1,4
921,-999.000,-999.000,980,19.0,-999.0,0.2,-999.0,0.2,10.388,-85.082,3.3,0,1,0,1,2021-03-19T05:36:12.000003,-999.000,-999.000,-1,-1, 1, 0,1,0
922,-999.000,-999.000,981,15.0,0.2,-999.0,0.2,-999.0, 8.587,-83.170,2.8,1,0,1,0,2021-03-22T01:50:39.000004,-999.000,-999.000,-1,-1, 0, 1,0,1
923,-999.000,-999.000,986,12.0,1.1,-999.0,1.1,-999.0, 9.023,-84.191,3.6,1,0,1,0,2021-04-07T00:56:41.000000,-999.000,-999.000,-1,-1, 0, 1,0,1
924,-999.000,-999.000,987,18.0,0.3,-999.0,0.3,-999.0,10.120,-83.291,2.8,1,0,1,0,2021-04-09T01:51:10.999999,-999.000,-999.000,-1,-1, 0, 1,0,1
925,-999.000,-999.000,984,24.0,0.8,-999.0,0.8,-999.0,10.011,-83.202,3.8,1,0,1,0,2021-03-30T22:43:37.999999,-999.000,-999.000,-1,-1, 0, 1,0,1
926,-999.000,-999.000,50,49.0,0.9,-999.0,0.9,-999.0, 9.718,-84.668,3.7,1,0,1,0,2014-04-23T08:55:33.999997,-999.000,-999.000,-1,-1, 0, 1,0,1
927,-999.000,-999.000,115,17.0,-999.0,0.2,-999.0,0.2, 9.432,-84.564,2.8,0,1,0,1,2014-10-27T09:36:49.000002,-999.000,-999.000,-1,-1, 1, 0,1,0
928,-999.000,-999.000,252,23.0,-999.0,1.0,-999.0,1.0, 9.533,-84.793,3.6,0,1,0,1,2016-02-03T03:03:09.000003,-999.000,-999.000,-1,-1, 1, 0,1,0
929,-999.000,-999.000,117,43.0,-999.0,1.2,-999.0,1.2,10.188,-85.518,4.1,0,1,0,1,2014-11-01T00:48:34.999997,-999.000,-999.000,-1,-1, 1, 0,1,0
930,-999.000,-999.000,776,6.0,0.5,-999.0,0.5,-999.0, 9.383,-84.462,2.9,1,0,1,0,2020-02-16T22:09:15.999998,-999.000,-999.000,-1,-1, 0, 1,0,1
931,-999.000,-999.000,111,20.0,0.2,-999.0,0.2,-999.0, 9.592,-84.888,2.6,1,0,1,0,2014-10-22T03:54:33.000001,-999.000,-999.000,-1,-1, 0, 1,0,1
932,-999.000,-999.000,110,15.0,0.4,-999.0,0.4,-999.0, 9.314,-82.794,3.5,1,0,1,0,2014-10-21T16:09:13.000001,-999.000,-999.000,-1,-1, 0, 1,0,1
933,-999.000,-999.000,113,17.0,0.8,0.2,0.8,0.2, 8.367,-83.093,4.0,1,1,1,1,2014-10-22T23:20:23.000000,-999.000,-999.000,-1,-1, 1, 1,1,1
934,-999.000,-999.000,69,50.0,0.6,-999.0,0.6,-999.0,10.150,-85.362,5.2,4,0,4,0,2014-07-06T11:42:39.999999,-999.000,-999.000,1,1, 0, 2,0,2
935,-999.000,-999.000,771,27.0,1.5,-999.0,1.5,-999.0, 8.067,-82.966,4.5,1,0,1,0,2020-01-30T08:27:20.000003,-999.000,-999.000,-1,-1, 0, 1,0,1
936,-999.000,-999.000,119,13.0,0.3,-999.0,0.3,-999.0, 9.025,-84.181,3.0,1,0,1,0,2014-10-30T03:25:45.999997,-999.000,-999.000,-1,-1, 0, 1,0,1
937,-999.000,-999.000,118,11.0,0.6,-999.0,0.6,-999.0, 9.892,-84.085,4.2,5,0,5,0,2014-11-01T07:23:10.000000,-999.000,-999.000,1,1, 0, 5,0,5
938,-999.000,-999.000,770,32.0,0.8,-999.0,0.8,-999.0, 8.594,-83.243,3.3,1,0,1,0,2020-01-27T16:19:07.999997,-999.000,-999.000,-1,-1, 0, 1,0,1
939,-999.000,-999.000,773,10.0,0.7,-999.0,0.7,-999.0, 9.410,-84.547,3.8,4,0,4,0,2020-02-04T05:31:21.000001,-999.000,-999.000,1,1, 0, 4,0,4
940,-999.000,-999.000,772,16.0,0.1,-999.0,0.1,-999.0, 8.593,-83.296,3.2,1,0,1,0,2020-01-16T05:33:11.000000,-999.000,-999.000,-1,-1, 0, 1,0,1
941,-999.000,-999.000,1001,20.0,-999.0,0.4,-999.0,0.4, 9.902,-85.363,2.8,0,1,0,1,2021-04-17T12:34:00.999997,-999.000,-999.000,-1,-1, 1, 0,1,0
942,-999.000,-999.000,429,0.0,0.4,-999.0,0.4,-999.0, 9.313,-84.356,3.0,2,0,2,0,2017-12-16T08:08:58.000003,-999.000,-999.000,-1,-1, 0, 2,0,2
943,-999.000,-999.000,428,17.0,0.2,-999.0,0.2,-999.0, 9.334,-84.389,3.0,1,0,1,0,2017-12-16T19:59:51.999998,-999.000,-999.000,-1,-1, 0, 1,0,1
944,-999.000,-999.000,534,19.0,0.4,-999.0,0.4,-999.0, 9.561,-84.554,2.8,1,0,1,0,2018-08-09T13:25:44.000001,-999.000,-999.000,-1,-1, 0, 1,0,1
945,-999.000,-999.000,919,40.0,1.2,-999.0,1.2,-999.0, 9.026,-83.787,3.8,1,0,1,0,2021-01-07T13:41:29.000003,-999.000,-999.000,-1,-1, 0, 1,0,1
946,-999.000,-999.000,918,20.0,1.3,-999.0,1.3,-999.0, 8.899,-82.865,3.9,1,0,1,0,2021-01-06T21:12:08.999999,-999.000,-999.000,-1,-1, 0, 1,0,1
947,-999.000,-999.000,915,19.0,2.0,-999.0,2.0,-999.0, 9.437,-84.662,4.4,1,0,1,0,2020-12-28T04:53:25.000001,-999.000,-999.000,-1,-1, 0, 0,0,0
948,-999.000,-999.000,914,20.0,0.3,0.2,0.3,0.2, 9.939,-84.032,3.0,2,4,2,4,2021-01-02T05:27:14.999999,-999.000,-999.000,4,4, 4, 2,4,2
949,-999.000,-999.000,917,25.0,-999.0,-999.0,0.4,-999.0, 9.531,-84.803,2.9,0,0,1,0,2014-11-06T09:04:53.999997,-999.000,-999.000,-1,-1, 0, 1,0,0
950,-999.000,-999.000,916,21.0,-999.0,0.3,-999.0,0.3, 9.514,-84.817,3.3,0,1,0,1,2021-01-04T11:26:41.000002,-999.000,-999.000,-1,-1, 1, 0,1,0
951,-999.000,-999.000,911,18.0,0.1,-999.0,0.1,-999.0, 9.625,-84.829,2.6,2,0,2,0,2020-12-24T05:09:15.999999,-999.000,-999.000,-1,-1, 0, 2,0,2
952,-999.000,-999.000,910,47.0,0.5,-999.0,0.5,-999.0, 9.422,-84.054,3.0,1,0,1,0,2020-12-11T21:55:46.000001,-999.000,-999.000,-1,-1, 0, 1,0,1
953,-999.000,-999.000,913,8.0,-999.0,0.1,-999.0,0.1, 9.908,-84.052,2.5,0,1,0,1,2020-12-30T21:51:15.000001,-999.000,-999.000,-1,-1, 1, 0,1,0
954,-999.000,-999.000,912,21.0,0.7,-999.0,0.7,-999.0, 9.586,-84.817,3.4,2,0,2,0,2020-12-25T09:08:59.999999,-999.000,-999.000,-1,-1, 0, 2,0,2
955,-999.000,-999.000,308,17.0,0.5,-999.0,0.5,-999.0, 9.048,-84.186,3.1,1,0,1,0,2016-09-24T22:24:53.999998,-999.000,-999.000,-1,-1, 0, 1,0,1
956,-999.000,-999.000,309,8.0,0.5,-999.0,0.5,-999.0, 9.020,-84.200,3.8,3,0,3,0,2016-09-25T22:44:09.999997,-999.000,-999.000,1,1, 0, 3,0,3
957,-999.000,-999.000,855,15.0,0.4,0.2,0.4,0.2, 9.430,-84.307,2.9,1,2,1,2,2020-08-18T11:01:38.999997,-999.000,-999.000,4,4, 2, 1,2,1
958,-999.000,-999.000,300,18.0,-999.0,0.4,-999.0,0.4, 9.604,-84.930,2.9,0,1,0,1,2016-08-30T06:40:14.999999,-999.000,-999.000,-1,-1, 1, 0,1,0
959,-999.000,-999.000,301,22.0,1.8,-999.0,1.8,-999.0, 8.632,-82.952,4.3,1,0,1,0,2016-08-30T15:48:21.000001,-999.000,-999.000,-1,-1, 0, 1,0,1
960,-999.000,-999.000,302,30.0,1.3,-999.0,1.3,-999.0, 8.277,-82.753,3.8,1,0,1,0,2016-08-27T22:22:28.000001,-999.000,-999.000,-1,-1, 0, 1,0,1
961,-999.000,-999.000,303,33.0,1.0,-999.0,1.0,-999.0, 9.399,-83.869,5.4,10,0,11,0,2016-09-03T22:05:57.999998,-999.000,-999.000,1,1, 0, 2,0,2
962,-999.000,-999.000,304,23.0,-999.0,0.1,-999.0,0.1, 9.411,-83.658,3.6,0,2,0,2,2016-09-08T22:08:01.999999,-999.000,-999.000,-1,-1, 2, 0,2,0
963,-999.000,-999.000,305,15.0,-999.0,0.6,-999.0,0.6, 9.558,-84.930,3.1,0,1,0,1,2016-09-19T05:07:37.000002,-999.000,-999.000,-1,-1, 1, 0,1,0
964,-999.000,-999.000,306,39.0,0.5,-999.0,0.5,-999.0,10.683,-83.695,3.3,1,0,1,0,2016-09-23T04:40:03.999998,-999.000,-999.000,-1,-1, 0, 1,0,1
965,-999.000,-999.000,307,17.0,-999.0,-999.0,-999.0,-999.0, 9.533,-84.822,3.9,10,0,10,0,2016-09-24T20:14:07.999997,-999.000,-999.000,2,2, 0, 10,0,10
966,-999.000,-999.000,895,21.0,1.0,-999.0,1.0,-999.0, 9.325,-84.203,3.8,1,0,1,0,2020-11-11T03:28:39.000003,-999.000,-999.000,-1,-1, 0, 1,0,1
967,-999.000,-999.000,825,26.0,-999.0,0.1,-999.0,0.1, 9.185,-83.874,3.0,0,1,0,1,2020-06-16T04:27:42.999999,-999.000,-999.000,-1,-1, 1, 0,1,0
968,-999.000,-999.000,824,21.0,0.8,-999.0,0.8,-999.0, 9.508,-84.837,3.4,1,0,1,0,2020-05-03T05:21:29.999999,-999.000,-999.000,-1,-1, 0, 1,0,1
969,-999.000,-999.000,827,16.0,0.1,-999.0,0.1,-999.0, 9.528,-84.850,2.5,1,0,1,0,2020-06-16T17:20:00.000003,-999.000,-999.000,-1,-1, 0, 1,0,1
970,-999.000,-999.000,847,20.0,0.1,-999.0,0.1,-999.0, 9.040,-83.018,2.6,1,0,1,0,2020-08-01T18:51:33.000000,-999.000,-999.000,-1,-1, 0, 1,0,1
971,-999.000,-999.000,846,41.0,0.3,-999.0,0.3,-999.0, 8.159,-82.752,2.8,1,0,1,0,2020-07-29T14:34:44.000003,-999.000,-999.000,-1,-1, 0, 1,0,1
972,-999.000,-999.000,845,12.0,-999.0,1.0,-999.0,1.0, 8.488,-83.270,3.5,0,1,0,1,2020-07-28T16:40:00.000001,-999.000,-999.000,-1,-1, 1, 0,1,0
973,-999.000,-999.000,844,12.0,-999.0,0.1,-999.0,0.1, 9.364,-83.758,2.5,0,1,0,1,2020-07-27T23:37:51.000003,-999.000,-999.000,-1,-1, 1, 0,1,0
974,-999.000,-999.000,843,13.0,0.4,0.1,0.4,0.1, 9.646,-84.741,2.9,1,2,1,2,2020-07-27T17:14:40.000001,-999.000,-999.000,4,4, 2, 1,2,1
975,-999.000,-999.000,842,14.0,0.2,-999.0,0.2,-999.0, 8.555,-83.243,2.6,1,0,1,0,2020-07-26T06:13:47.000003,-999.000,-999.000,-1,-1, 0, 1,0,1
976,-999.000,-999.000,841,7.0,0.1,-999.0,0.1,-999.0, 9.525,-83.586,2.5,1,0,1,0,2020-07-23T02:22:03.000002,-999.000,-999.000,-1,-1, 0, 1,0,1
977,-999.000,-999.000,840,26.0,0.6,-999.0,0.6,-999.0, 8.242,-82.839,3.6,2,0,2,0,2020-07-19T21:48:26.000001,-999.000,-999.000,-1,-1, 0, 2,0,2
978,-999.000,-999.000,821,21.0,0.7,1.0,0.7,1.0, 9.591,-84.821,4.1,12,2,13,2,2020-05-31T07:44:55.000001,-999.000,-999.000,1,1, 2, 13,2,12
979,-999.000,-999.000,853,17.0,0.3,0.3,0.3,0.3, 8.930,-82.893,3.1,1,2,1,2,2020-08-28T15:09:11.000002,-999.000,-999.000,5,5, 2, 1,2,1
980,-999.000,-999.000,849,18.0,-999.0,-999.0,-999.0,-999.0, 9.614,-84.818,2.6,2,0,2,0,2020-08-03T10:12:46.999999,-999.000,-999.000,-1,-1, 0, 2,0,2
981,-999.000,-999.000,848,54.0,1.2,-999.0,1.2,-999.0, 9.735,-84.196,4.1,1,0,1,0,2020-08-02T01:18:29.000001,-999.000,-999.000,-1,-1, 0, 1,0,1
982,-999.000,-999.000,823,58.0,1.3,-999.0,1.3,-999.0, 9.463,-83.953,3.9,1,0,1,0,2020-06-04T12:17:50.000003,-999.000,-999.000,-1,-1, 0, 1,0,1
983,-999.000,-999.000,822,38.0,-999.0,0.5,-999.0,0.5, 9.501,-84.849,3.0,0,1,0,1,2020-05-31T18:11:39.000000,-999.000,-999.000,-1,-1, 1, 0,1,0
984,-999.000,-999.000,240,0.0,0.1,-999.0,0.1,-999.0, 8.908,-84.054,2.5,1,0,1,0,2016-01-16T14:18:01.999999,-999.000,-999.000,-1,-1, 0, 1,0,1
985,-999.000,-999.000,485,10.0,0.6,-999.0,0.6,-999.0,10.316,-84.150,3.6,1,0,1,0,2018-04-21T07:49:15.999999,-999.000,-999.000,-1,-1, 0, 1,0,1
986,-999.000,-999.000,390,7.0,-999.0,0.4,-999.0,0.4,10.099,-84.159,2.9,0,1,0,1,2017-09-17T12:01:48.000003,-999.000,-999.000,-1,-1, 1, 0,1,0
987,-999.000,-999.000,1038,0.0,0.3,-999.0,0.3,-999.0, 9.418,-84.351,3.3,1,0,1,0,2021-05-25T13:34:20.000002,-999.000,-999.000,-1,-1, 0, 1,0,1
988,-999.000,-999.000,732,27.0,0.2,-999.0,0.2,-999.0, 8.995,-84.159,3.5,1,0,1,0,2019-12-10T20:17:22.999998,-999.000,-999.000,-1,-1, 0, 1,0,1
989,-999.000,-999.000,391,5.0,0.8,0.2,0.8,0.2, 9.956,-83.885,3.5,1,4,1,4,2017-09-30T20:45:01.000000,-999.000,-999.000,2,2, 4, 1,4,1
990,-999.000,-999.000,753,33.0,-999.0,-999.0,-999.0,-999.0, 9.174,-83.518,2.5,1,0,1,0,2020-01-11T13:13:22.000002,-999.000,-999.000,-1,-1, 0, 1,0,1
991,-999.000,-999.000,752,10.0,0.5,-999.0,0.5,-999.0, 9.726,-84.008,3.6,1,0,1,0,2020-01-06T10:53:40.999998,-999.000,-999.000,-1,-1, 0, 1,0,1
992,-999.000,-999.000,751,5.0,-999.0,0.2,-999.0,0.2, 9.374,-83.234,2.7,0,1,0,1,2020-01-05T19:50:05.000002,-999.000,-999.000,-1,-1, 1, 0,1,0
993,-999.000,-999.000,750,0.0,-999.0,-999.0,-999.0,-999.0,10.034,-83.786,2.4,1,0,1,0,2020-01-03T11:25:27.000001,-999.000,-999.000,-1,-1, 0, 1,0,1
994,-999.000,-999.000,757,17.0,0.7,0.7,0.7,0.7, 8.851,-84.145,3.1,1,1,1,1,2020-01-17T13:38:19.999998,-999.000,-999.000,-1,-1, 1, 1,1,1
995,-999.000,-999.000,756,3.0,0.3,0.1,0.3,0.1, 9.623,-83.792,3.1,2,2,2,2,2020-01-18T08:44:13.000001,-999.000,-999.000,5,5, 2, 2,2,2
996,-999.000,-999.000,755,21.0,-999.0,-999.0,-999.0,-999.0, 9.609,-84.906,3.6,4,1,4,1,2020-01-13T14:32:54.000002,-999.000,-999.000,2,2, 1, 4,1,4
997,-999.000,-999.000,754,13.0,-999.0,-999.0,-999.0,-999.0, 8.417,-83.098,2.4,1,0,1,0,2020-01-11T15:59:30.000001,-999.000,-999.000,-1,-1, 0, 1,0,1
998,-999.000,-999.000,560,23.0,-999.0,0.5,-999.0,0.5, 9.453,-83.725,3.2,0,1,0,1,2018-09-29T06:37:17.000002,-999.000,-999.000,-1,-1, 1, 0,1,0
999,-999.000,-999.000,561,3.0,0.6,0.2,0.6,0.2, 9.739,-83.862,3.2,2,2,2,2,2018-09-30T01:33:03.999997,-999.000,-999.000,5,5, 2, 2,2,2
1000,-999.000,-999.000,759,11.0,1.3,0.2,1.3,0.2, 8.964,-84.097,5.8,130,13,140,13,2020-01-21T11:25:32.000000,-999.000,-999.000,2,2, 3, 7,3,6
1001,-999.000,-999.000,758,14.0,0.1,-999.0,0.1,-999.0, 9.367,-84.620,2.5,1,0,1,0,2019-12-12T02:08:31.999999,-999.000,-999.000,-1,-1, 0, 1,0,1
1002,-999.000,-999.000,564,46.0,0.4,-999.0,0.4,-999.0, 9.289,-83.900,3.3,1,0,1,0,2018-10-03T20:37:26.000001,-999.000,-999.000,-1,-1, 0, 1,0,1
1003,-999.000,-999.000,565,27.0,0.1,-999.0,0.1,-999.0, 9.390,-84.450,2.8,1,0,1,0,2018-10-01T02:48:49.000000,-999.000,-999.000,-1,-1, 0, 1,0,1
1004,-999.000,-999.000,566,15.0,1.3,-999.0,1.3,-999.0,10.841,-85.095,3.8,1,0,1,0,2018-10-06T00:35:30.000000,-999.000,-999.000,-1,-1, 0, 1,0,1
1005,-999.000,-999.000,701,25.0,-999.0,1.0,-999.0,1.0, 9.580,-84.798,3.4,0,1,0,1,2019-10-13T15:52:17.999997,-999.000,-999.000,-1,-1, 1, 0,1,0
1006,-999.000,-999.000,506,39.0,-999.0,1.4,-999.0,1.4, 8.019,-82.954,4.3,0,1,0,1,2018-06-18T17:33:34.000003,-999.000,-999.000,-1,-1, 1, 0,1,0
1007,-999.000,-999.000,229,63.0,0.6,-999.0,0.6,-999.0, 9.702,-84.114,3.1,1,0,1,0,2015-12-03T03:19:11.999998,-999.000,-999.000,-1,-1, 0, 1,0,1
1008,-999.000,-999.000,507,8.0,-999.0,0.2,-999.0,0.2, 8.906,-84.115,3.1,0,1,0,1,2018-06-19T16:20:25.999997,-999.000,-999.000,-1,-1, 1, 0,1,0
1009,-999.000,-999.000,227,45.0,0.9,-999.0,0.9,-999.0, 9.415,-84.589,3.6,1,0,1,0,2015-11-07T11:17:17.000003,-999.000,-999.000,-1,-1, 0, 1,0,1
1010,-999.000,-999.000,226,30.0,1.9,0.2,1.9,0.2, 8.205,-82.811,4.8,1,2,1,2,2015-11-02T10:36:27.000002,-999.000,-999.000,2,2, 2, 1,2,1
1011,-999.000,-999.000,225,30.0,0.7,-999.0,0.7,-999.0, 9.215,-84.590,3.2,1,0,1,0,2015-11-01T05:02:08.999997,-999.000,-999.000,-1,-1, 0, 1,0,1
1012,-999.000,-999.000,985,12.0,1.4,-999.0,1.4,-999.0, 9.348,-83.781,4.4,2,0,2,0,2021-04-07T17:51:13.999998,-999.000,-999.000,-1,-1, 0, 2,0,2
1013,-999.000,-999.000,223,11.0,1.0,-999.0,1.0,-999.0,10.154,-83.987,4.7,3,0,3,0,2015-10-31T15:10:12.000001,-999.000,-999.000,1,1, 0, 2,0,2
1014,-999.000,-999.000,504,17.0,-999.0,0.1,-999.0,0.1, 9.867,-84.554,2.7,0,3,0,3,2018-06-16T00:50:04.000002,-999.000,-999.000,4,4, 3, 0,3,0
1015,-999.000,-999.000,221,23.0,0.1,-999.0,0.1,-999.0, 9.185,-83.872,2.6,1,0,1,0,2015-10-08T22:49:57.000001,-999.000,-999.000,-1,-1, 0, 1,0,1
1016,-999.000,-999.000,220,8.0,-999.0,0.2,0.1,0.2, 8.956,-84.076,2.6,0,1,1,1,2015-10-13T15:39:03.999998,-999.000,-999.000,-1,-1, 1, 1,1,0
1017,-999.000,-999.000,1025,11.0,0.5,-999.0,0.5,-999.0, 8.791,-83.576,3.4,6,0,6,0,2021-05-15T03:34:25.000003,-999.000,-999.000,1,1, 0, 6,0,6
1018,-999.000,-999.000,1024,45.0,1.9,-999.0,1.9,-999.0, 9.326,-83.975,4.9,4,0,4,0,2021-05-14T15:33:53.000000,-999.000,-999.000,1,1, 0, 1,0,1
1019,-999.000,-999.000,1027,31.0,0.4,-999.0,0.4,-999.0, 8.378,-82.829,2.8,1,0,1,0,2021-05-17T02:31:33.000001,-999.000,-999.000,-1,-1, 0, 1,0,1
1020,-999.000,-999.000,1031,10.0,0.2,-999.0,0.2,-999.0, 8.860,-84.157,2.7,1,0,1,0,2021-05-18T11:48:19.000000,-999.000,-999.000,-1,-1, 0, 1,0,1
1021,-999.000,-999.000,1021,5.0,0.1,0.1,0.1,0.1,10.045,-83.932,2.9,3,1,3,1,2021-05-09T22:29:03.000003,-999.000,-999.000,4,4, 1, 3,1,3
1022,-999.000,-999.000,1020,17.0,0.2,-999.0,0.2,-999.0, 8.124,-82.979,3.2,1,0,1,0,2021-05-08T17:03:18.999998,-999.000,-999.000,-1,-1, 0, 1,0,1
1023,-999.000,-999.000,1023,6.0,0.5,-999.0,0.5,-999.0, 8.894,-84.125,3.1,1,0,1,0,2021-05-12T09:35:56.000001,-999.000,-999.000,-1,-1, 0, 1,0,1
1024,-999.000,-999.000,114,50.0,-999.0,0.6,-999.0,0.6,10.650,-85.751,4.1,0,1,0,1,2014-10-24T19:03:47.000001,-999.000,-999.000,-1,-1, 1, 0,1,0
1025,-999.000,-999.000,1036,18.0,-999.0,-999.0,-999.0,-999.0, 8.676,-83.238,2.9,2,0,2,0,2021-05-24T05:08:19.000000,-999.000,-999.000,-1,-1, 0, 2,0,2
1026,-999.000,-999.000,1029,28.0,0.8,-999.0,0.8,-999.0, 8.341,-82.760,3.5,1,0,1,0,2021-05-15T20:10:51.000002,-999.000,-999.000,-1,-1, 0, 1,0,1
1027,-999.000,-999.000,1028,32.0,-999.0,0.3,-999.0,0.3, 9.384,-83.631,3.1,0,1,0,1,2021-05-17T06:35:41.000003,-999.000,-999.000,-1,-1, 1, 0,1,0
1028,-999.000,-999.000,1037,11.0,-999.0,0.6,-999.0,0.6, 8.879,-84.141,3.6,0,6,0,6,2021-05-25T22:38:35.000003,-999.000,-999.000,1,1, 6, 0,6,0
1029,-999.000,-999.000,726,25.0,-999.0,0.2,-999.0,0.2, 9.144,-84.137,2.6,0,1,0,1,2019-12-02T03:20:44.000001,-999.000,-999.000,-1,-1, 1, 0,1,0
1030,-999.000,-999.000,727,11.0,0.3,-999.0,0.3,-999.0, 8.993,-84.113,4.4,9,0,9,0,2019-12-04T08:08:37.000003,-999.000,-999.000,0,0, 0, 6,0,6
1031,-999.000,-999.000,724,14.0,-999.0,0.1,-999.0,0.1, 8.241,-82.965,3.6,0,3,0,3,2019-11-29T18:53:54.999998,-999.000,-999.000,5,5, 3, 0,3,0
1032,-999.000,-999.000,89,4.0,-999.0,0.4,-999.0,0.4, 8.799,-84.161,2.8,0,1,0,1,2014-08-28T05:24:16.000002,-999.000,-999.000,-1,-1, 1, 0,1,0
1033,-999.000,-999.000,568,25.0,-999.0,-999.0,-999.0,-999.0, 8.291,-82.867,2.7,1,0,1,0,2018-10-10T13:35:00.000003,-999.000,-999.000,-1,-1, 0, 1,0,1
1034,-999.000,-999.000,1034,38.0,1.1,0.5,1.1,0.5, 9.480,-84.212,3.5,1,1,1,1,2021-05-21T22:50:11.999997,-999.000,-999.000,-1,-1, 1, 1,1,1
1035,-999.000,-999.000,720,28.0,-999.0,-999.0,-999.0,-999.0, 8.992,-84.153,2.6,1,0,1,0,2019-11-24T20:12:55.999999,-999.000,-999.000,-1,-1, 0, 1,0,1
1036,-999.000,-999.000,721,59.0,0.8,-999.0,0.8,-999.0, 9.457,-83.976,3.8,1,0,1,0,2019-11-26T04:50:30.000001,-999.000,-999.000,-1,-1, 0, 1,0,1
1037,-999.000,-999.000,1035,21.0,-999.0,-999.0,-999.0,0.1, 9.649,-84.923,2.6,0,0,0,1,2021-05-22T17:22:38.000000,-999.000,-999.000,-1,-1, 1, 0,0,0
1038,-999.000,-999.000,728,17.0,0.2,-999.0,0.2,-999.0, 8.338,-82.965,3.5,2,0,2,0,2019-12-06T13:09:35.999999,-999.000,-999.000,-1,-1, 0, 2,0,2
1039,-999.000,-999.000,729,48.0,2.1,-999.0,2.1,-999.0, 8.252,-82.783,5.0,2,0,4,0,2019-12-05T01:03:04.000000,-999.000,-999.000,1,-1, 0, 0,0,0
1040,-999.000,-999.000,605,13.0,1.7,0.1,1.7,0.1, 8.297,-82.975,4.4,3,2,3,2,2019-02-26T11:31:20.999998,-999.000,-999.000,3,3, 2, 1,2,1
1041,-999.000,-999.000,604,5.0,-999.0,-999.0,-999.0,-999.0, 9.367,-84.595,2.8,1,0,1,0,2019-02-20T00:38:29.000000,-999.000,-999.000,-1,-1, 0, 1,0,1
1042,-999.000,-999.000,607,36.0,1.0,-999.0,1.0,-999.0, 9.034,-83.923,3.7,1,0,1,0,2019-02-25T08:03:02.999998,-999.000,-999.000,-1,-1, 0, 1,0,1
1043,-999.000,-999.000,606,21.0,-999.0,0.2,-999.0,0.2, 8.304,-82.834,2.6,0,1,0,1,2019-02-24T03:11:01.000000,-999.000,-999.000,-1,-1, 1, 0,1,0
1044,-999.000,-999.000,601,4.0,1.1,0.6,1.1,0.6, 8.867,-84.172,3.8,5,2,5,2,2019-02-12T14:34:49.000000,-999.000,-999.000,1,1, 2, 5,2,5
1045,-999.000,-999.000,600,16.0,0.7,1.8,0.7,1.8, 8.909,-84.119,4.9,9,7,12,7,2019-02-13T07:23:24.999998,-999.000,-999.000,1,1, 2, 4,2,4
1046,-999.000,-999.000,603,21.0,0.1,-999.0,0.1,-999.0, 8.898,-84.077,3.1,1,0,1,0,2019-02-12T21:38:01.000001,-999.000,-999.000,-1,-1, 0, 1,0,1
1047,-999.000,-999.000,602,26.0,1.0,-999.0,1.0,-999.0, 9.172,-83.881,3.6,1,0,1,0,2019-02-12T14:00:38.000002,-999.000,-999.000,-1,-1, 0, 1,0,1
1048,-999.000,-999.000,159,24.0,-999.0,0.6,-999.0,0.6, 8.258,-82.810,3.6,0,2,0,2,2015-03-15T17:28:42.000000,-999.000,-999.000,-1,-1, 2, 0,2,0
1049,-999.000,-999.000,158,42.0,-999.0,0.3,-999.0,0.3, 9.476,-84.116,3.3,0,1,0,1,2015-03-14T17:57:55.999997,-999.000,-999.000,-1,-1, 1, 0,1,0
1050,-999.000,-999.000,112,21.0,0.8,-999.0,0.8,-999.0, 9.457,-83.723,4.1,1,0,1,0,2014-10-22T15:46:57.999999,-999.000,-999.000,-1,-1, 0, 1,0,1
1051,-999.000,-999.000,609,20.0,-999.0,-999.0,-999.0,-999.0, 9.857,-85.551,2.8,2,1,2,1,2019-03-02T03:59:44.999997,-999.000,-999.000,4,4, 1, 2,1,2
1052,-999.000,-999.000,608,29.0,-999.0,0.6,-999.0,0.6, 8.243,-82.748,3.3,0,1,0,1,2019-03-02T01:40:13.999996,-999.000,-999.000,-1,-1, 1, 0,1,0
1053,-999.000,-999.000,976,8.0,0.8,0.3,0.8,0.3, 9.111,-83.251,3.3,1,2,1,2,2021-03-15T20:59:46.000000,-999.000,-999.000,5,5, 2, 1,2,1
1054,-999.000,-999.000,634,4.0,0.9,0.4,0.9,0.4, 9.343,-83.260,4.5,6,5,6,5,2019-05-03T21:30:38.000001,-999.000,-999.000,2,2, 5, 6,5,6
1055,-999.000,-999.000,399,0.0,-999.0,0.1,-999.0,0.1, 8.829,-84.196,2.7,0,1,0,1,2017-10-20T08:11:36.000002,-999.000,-999.000,-1,-1, 1, 0,1,0
1056,-999.000,-999.000,635,6.0,-999.0,0.1,-999.0,0.1, 9.511,-83.542,2.7,0,1,0,1,2019-04-22T17:46:27.000002,-999.000,-999.000,-1,-1, 1, 0,1,0
1057,-999.000,-999.000,959,16.0,0.2,-999.0,0.2,-999.0, 9.565,-83.642,3.8,5,0,5,0,2021-02-27T16:51:47.999998,-999.000,-999.000,2,2, 0, 5,0,5
1058,-999.000,-999.000,958,20.0,2.1,-999.0,2.1,-999.0, 9.366,-84.555,4.6,4,0,4,0,2021-02-28T00:01:47.999998,-999.000,-999.000,1,1, 0, 0,0,0
1059,-999.000,-999.000,398,7.0,1.4,0.6,1.4,0.6, 9.294,-84.516,3.9,1,1,2,1,2017-10-17T09:06:25.000003,-999.000,-999.000,1,-1, 1, 2,1,1
1060,-999.000,-999.000,48,59.0,0.5,-999.0,0.5,-999.0, 8.458,-82.858,3.3,1,0,1,0,2014-04-21T20:24:34.000001,-999.000,-999.000,-1,-1, 0, 1,0,1
1061,-999.000,-999.000,49,8.0,0.5,-999.0,0.5,-999.0, 9.546,-84.236,3.0,2,0,2,0,2014-04-22T05:10:30.000002,-999.000,-999.000,-1,-1, 0, 2,0,2
1062,-999.000,-999.000,951,12.0,-999.0,-999.0,-999.0,-999.0, 8.923,-84.086,2.9,1,1,1,1,2021-02-23T08:48:04.999998,-999.000,-999.000,-1,-1, 1, 1,1,1
1063,-999.000,-999.000,950,6.0,1.0,-999.0,1.0,-999.0, 9.803,-84.259,4.1,2,0,2,0,2021-02-22T23:50:27.999998,-999.000,-999.000,-1,-1, 0, 2,0,2
1064,-999.000,-999.000,953,23.0,-999.0,1.1,-999.0,1.1, 9.596,-84.775,3.8,0,1,0,1,2021-02-25T03:41:36.999998,-999.000,-999.000,-1,-1, 1, 0,1,0
1065,-999.000,-999.000,952,25.0,0.3,-999.0,0.3,-999.0, 9.758,-82.934,3.9,4,0,4,0,2021-02-24T05:41:07.000001,-999.000,-999.000,2,2, 0, 4,0,4
1066,-999.000,-999.000,42,22.0,0.7,-999.0,0.7,-999.0, 8.677,-83.486,3.2,1,0,1,0,2014-04-16T01:01:39.999997,-999.000,-999.000,-1,-1, 0, 1,0,1
1067,-999.000,-999.000,954,16.0,0.4,-999.0,0.4,-999.0, 8.761,-83.403,2.8,1,0,1,0,2021-02-26T02:42:36.000002,-999.000,-999.000,-1,-1, 0, 1,0,1
1068,-999.000,-999.000,957,13.0,0.5,-999.0,0.5,-999.0, 8.757,-83.443,3.3,1,0,1,0,2021-02-27T20:31:20.999997,-999.000,-999.000,-1,-1, 0, 1,0,1
1069,-999.000,-999.000,956,24.0,-999.0,-999.0,1.6,-999.0, 8.600,-83.252,4.3,0,0,1,0,2020-12-26T02:08:09.000003,-999.000,-999.000,-1,-1, 0, 1,0,0
1070,-999.000,-999.000,638,17.0,0.1,-999.0,0.1,-999.0, 9.033,-84.213,2.5,1,0,1,0,2019-05-03T04:10:25.000001,-999.000,-999.000,-1,-1, 0, 1,0,1
1071,-999.000,-999.000,5,44.0,1.0,-999.0,1.0,-999.0, 9.427,-84.183,3.6,1,0,1,0,2014-01-26T08:33:29.000002,-999.000,-999.000,-1,-1, 0, 1,0,1
1072,-999.000,-999.000,639,15.0,0.7,-999.0,0.3,-999.0, 9.603,-84.904,3.2,1,0,2,0,2019-05-07T05:00:06.999999,-999.000,-999.000,-1,-1, 0, 2,0,1
1073,-999.000,-999.000,620,20.0,0.4,0.5,0.4,0.5, 9.537,-84.832,3.2,2,3,2,3,2019-03-30T21:10:11.999998,-999.000,-999.000,4,4, 3, 2,3,2
1074,-999.000,-999.000,460,3.0,0.9,-999.0,0.9,-999.0, 9.795,-83.899,3.8,8,0,8,0,2018-02-09T10:33:57.999998,-999.000,-999.000,1,1, 0, 8,0,8
1075,-999.000,-999.000,489,27.0,1.4,-999.0,1.4,-999.0, 9.474,-83.791,4.8,5,0,5,0,2018-04-27T15:33:39.999998,-999.000,-999.000,1,1, 0, 2,0,2
1076,-999.000,-999.000,488,18.0,-999.0,-999.0,-999.0,-999.0, 9.596,-84.754,3.4,1,0,1,0,2018-05-05T10:42:40.999997,-999.000,-999.000,-1,-1, 0, 1,0,1
1077,-999.000,-999.000,487,34.0,1.4,-999.0,1.4,-999.0, 8.222,-82.731,3.9,1,0,1,0,2018-04-30T09:15:53.999996,-999.000,-999.000,-1,-1, 0, 1,0,1
1078,-999.000,-999.000,486,34.0,1.3,-999.0,1.3,-999.0, 9.528,-84.121,3.8,1,0,1,0,2018-04-26T10:19:57.000001,-999.000,-999.000,-1,-1, 0, 1,0,1
1079,-999.000,-999.000,869,12.0,0.7,0.3,0.7,0.3, 8.264,-83.046,3.8,1,1,1,1,2020-09-10T16:39:54.000004,-999.000,-999.000,-1,-1, 1, 1,1,1
1080,-999.000,-999.000,484,5.0,0.8,-999.0,0.8,-999.0, 9.423,-83.735,3.4,1,0,1,0,2018-04-21T05:36:03.999998,-999.000,-999.000,-1,-1, 0, 1,0,1
1081,-999.000,-999.000,483,53.0,0.7,-999.0,0.7,-999.0, 9.275,-83.863,3.2,1,0,1,0,2018-04-20T18:20:18.000002,-999.000,-999.000,-1,-1, 0, 1,0,1
1082,-999.000,-999.000,482,3.0,0.8,-999.0,0.8,-999.0, 9.441,-83.696,3.3,1,0,1,0,2018-04-17T21:33:22.000000,-999.000,-999.000,-1,-1, 0, 1,0,1
1083,-999.000,-999.000,481,19.0,0.9,-999.0,0.9,-999.0, 9.056,-84.144,3.9,2,0,2,0,2018-04-15T14:30:33.999999,-999.000,-999.000,-1,-1, 0, 2,0,2
1084,-999.000,-999.000,480,0.0,0.3,-999.0,0.3,-999.0,10.010,-83.792,2.8,1,0,1,0,2018-04-15T00:07:50.999999,-999.000,-999.000,-1,-1, 0, 1,0,1
1085,-999.000,-999.000,509,30.0,-999.0,0.1,-999.0,0.1, 8.184,-82.875,3.3,0,1,0,1,2018-06-21T12:39:19.999997,-999.000,-999.000,-1,-1, 1, 0,1,0
1086,-999.000,-999.000,955,31.0,0.1,-999.0,0.1,-999.0, 8.256,-82.817,4.3,4,0,4,0,2021-02-27T04:58:38.000003,-999.000,-999.000,2,2, 0, 4,0,4
1087,-999.000,-999.000,472,5.0,0.3,-999.0,0.3,-999.0, 9.661,-83.436,2.9,1,0,1,0,2018-03-12T01:20:34.999999,-999.000,-999.000,-1,-1, 0, 1,0,1
1088,-999.000,-999.000,473,38.0,1.7,1.3,1.7,1.3, 9.493,-84.480,5.0,1,1,1,1,2018-03-12T21:42:19.000001,-999.000,-999.000,-1,-1, 1, 1,1,1
1089,-999.000,-999.000,470,22.0,0.8,0.1,0.8,0.1, 8.468,-83.319,5.2,31,8,31,8,2018-03-03T01:02:48.999997,-999.000,-999.000,2,2, 3, 12,3,12
1090,-999.000,-999.000,471,21.0,0.3,-999.0,0.3,-999.0, 9.469,-84.409,2.8,1,0,1,0,2018-02-26T22:30:38.999997,-999.000,-999.000,-1,-1, 0, 1,0,1
1091,-999.000,-999.000,476,8.0,0.4,-999.0,0.4,-999.0, 9.748,-83.919,2.9,1,0,1,0,2018-03-25T06:33:03.999997,-999.000,-999.000,-1,-1, 0, 1,0,1
1092,-999.000,-999.000,477,41.0,2.3,-999.0,2.3,-999.0, 8.757,-82.862,4.8,1,0,1,0,2018-04-01T03:32:00.000003,-999.000,-999.000,-1,-1, 0, 0,0,0
1093,-999.000,-999.000,474,16.0,0.1,-999.0,0.1,-999.0, 9.583,-84.114,2.6,1,0,1,0,2018-03-17T18:04:51.999999,-999.000,-999.000,-1,-1, 0, 1,0,1
1094,-999.000,-999.000,475,37.0,2.8,-999.0,2.8,-999.0, 9.564,-84.177,5.5,6,0,6,0,2018-03-23T07:37:11.000003,-999.000,-999.000,1,1, 0, 0,0,0
1095,-999.000,-999.000,46,18.0,2.1,-999.0,2.1,-999.0, 8.189,-82.717,5.0,1,0,1,0,2014-04-19T13:36:02.000002,-999.000,-999.000,-1,-1, 0, 0,0,0
1096,-999.000,-999.000,479,12.0,0.5,-999.0,0.5,-999.0, 9.664,-84.563,2.9,1,0,1,0,2018-04-11T09:25:14.000003,-999.000,-999.000,-1,-1, 0, 1,0,1
